								THR	TYR	LYS	LEU	VAL	ILE	ASN	GLY	LYS	THR	LEU	LYS	GLY	GLU	THR	THR	THR	GLU	ALA	VAL	ASP	ALA	ALA	THR	ALA	GLU	LYS	VAL	PHE	LYS	GLN	TYR	ALA	ASN	ASP	ASN	GLY	VAL	ASP	GLY	GLU	TRP	THR	TYR	ASP	ASP	ALA	THR	LYS	THR	PHE	THR	VAL	THR
								2	3	4	5	6	7	8	9	10	11	12	13	14	15	16	17	18	19	20	21	22	23	24	25	26	27	28	29	30	31	32	33	34	35	36	37	38	39	40	41	42	43	44	45	46	47	48	49	50	51	52	53	54	55
THR	2	5.88	-0.779	-16.898	1	52.58	C																																																						
TYR	3	9.992	-2.354	-12.762	1	36.78	C	6.041164209																																																					
LYS	4	5.146	-2.202	-9.722	1	39.58	C	7.3524595205	5.7226235242																																																				
LEU	5	9	-0.699	-5.744	1	30.38	C	11.5824227172	7.2784210513	5.7390599404																																																			
VAL	6	6.224	-4.838	-3.11	1	42.72	C	14.3771610897	10.6550074613	7.1992446826	5.6369719708																																																		
ILE	7	7.619	-0.216	0.423	1	43.27	C	17.4171791918	13.5663701114	10.6292497383	6.3381652708	5.9825578142																																																	
ASN	8	6.72	-5.528	3.205	1	59.05	C	20.6733937707	16.6049796447	13.4405015159	10.4212399454	6.371918157	6.0634205693																																																
GLY	9	8.594	-1.755	5.548	1	38.01	C	22.6305388358	18.3730592172	15.6608241482	11.3485345309	9.4911934445	5.4391884505	4.8204827559																																															
LYS	10	9.264	-0.361	10.163	1	67.29	C	27.2749683959	23.0229810841	20.3902042658	15.9127806809	14.3337942639	9.8790004555	9.0323634227	4.867274494																																														
THR	11	5.778	2.639	10.573	1	66.72	C	27.6830086696	24.2324177498	20.8739485963	16.9637265069	15.5990042631	10.7034016088	11.0396864539	7.244840716	4.6173906051																																													
LEU	12	6.379	2.925	5.026	1	34.41	C	22.2402876106	18.9032947922	15.6623728087	11.6617287312	11.2464523295	5.7088606569	8.6536426434	5.2039512872	6.7460944257	5.5867885229																																												
LYS	13	2.15	-1.175	4.135	1	51.13	C	21.3648497537	18.6653586625	14.2143305857	12.0309483001	9.0832301523	6.6789659379	6.3795304686	6.6225452056	9.3599346152	8.3160582009	5.9572075673																																											
GLY	14	2.643	0.352	-0.214	1	68.7	C	17.0327092971	14.7912995034	10.158247339	8.4909922859	6.9387662448	5.0486601193	7.9300624209	8.5471921705	12.3299691403	11.4637673999	6.9307737663	4.635577526																																										
GLU	15	2.824	-0.999	-4.493	1	48.95	C	12.7777760585	11.0269039172	5.8464804797	6.3085637827	5.3113661143	6.9117414593	9.7442219289	11.6054348044	16.0212040746	15.778007352	10.8925278058	8.6560750921	4.4908577132																																									
THR	16	5.658	3.391	-6.343	1	34.34	C	11.3510444013	9.6432433341	6.5544972347	5.3156246105	8.8594066393	7.9142103839	13.1088027295	13.2852283759	17.3068996646	16.9331320198	11.401366497	11.9558732011	7.4759873595	5.5431178952																																								
THR	17	4.613	2.041	-11.514	1	34.41	C	6.2084736449	7.0574195001	4.6366369278	7.748952768	10.9792157279	12.5148733114	16.6846687411	17.926790594	22.3000837218	22.1257858166	16.6574851643	16.1647835123	11.5941201046	7.8572617368	5.4455271554																																							
THR	18	9.862	3.467	-12.087	1	28.06	C	7.5518581157	5.8614474322	7.744123062	7.6375551717	12.7590986359	13.2323708382	18.0174208199	18.4355724891	22.5848110021	23.0399704861	17.4722586405	18.5519915912	14.2402708893	11.2759671869	7.1184919751	5.4693515155																																						
GLU	19	8.778	4.947	-17.217	1	70.14	C	6.4255148432	8.6386006969	10.9760944785	12.7889143011	17.3573209338	18.416553695	23.0438510887	23.7317484607	27.8940040152	28.0465856032	22.4631861943	23.1801029333	18.6508514283	15.2546782333	11.4192561929	7.6365090192	5.4481516132																																					
ALA	20	13.165	1.541	-15.937	1	61.08	C	7.7056567533	5.9430277637	10.8139093301	11.2366398002	15.9185756586	17.3636046085	21.3991810591	22.2117734997	26.4583711706	27.541849484	22.0774233324	23.0562803808	18.9562373376	15.6317950665	12.321622661	9.641039	5.4260284739	5.6995618253																																				
VAL	21	16.3	1.075	-20.135	1	56.23	C	11.0676052062	10.2912600783	15.6070821744	16.2338521923	20.6480015982	22.3530267749	26.0793329861	26.9630826316	31.13737619	32.4983052481	27.1094939458	28.1836459671	24.163663195	20.7503305034	17.5737100238	14.5547506334	10.5801612464	8.9491671121	5.2600936303																																			
ASP	22	17.989	-2.648	-18.158	1	30.74	C	12.3170062109	9.6516973119	15.372301747	15.4501818112	19.2263784681	21.417401453	24.3241141668	25.5154445386	29.7226350615	31.6627738993	26.5207142626	27.3865203887	23.8009842654	20.4799572998	18.1140085845	15.6539717963	11.8447623446	11.9754760657	6.7639883205	4.5411429178																																		
ALA	23	15.378	-5.454	-14.402	1	25.63	C	10.8764720843	6.4271763629	11.7120334699	11.7579706157	14.5493792307	17.5333781685	19.6207260059	21.3941056602	25.8216744229	27.95366298	22.9921035575	23.171322664	19.929606243	16.6023559172	15.4162221702	13.4313362701	10.7410298389	12.6358626931	7.4955732936	8.7375748352	5.3664227377																																	
ALA	24	20.033	-3.038	-13.663	1	32.14	C	14.6927095867	10.1045206715	15.4224883206	13.7807318746	17.4726726633	18.9864814012	21.6325100948	22.3955203333	26.2833781314	28.6847877803	23.9012092999	25.2990367801	22.2436463063	19.6060220851	17.3653409411	16.3765332717	12.1757152562	14.250128631	8.561993985	8.528706936	4.953287898	5.2964329506																																
THR	25	17.844	1.695	-15.226	1	25.04	C	12.3309997973	9.1716738385	14.3777546578	13.1854425788	18.0139375207	18.7907888871	22.7071985502	23.0005233853	26.878334342	28.4968049613	23.3045624074	25.0875837218	21.4064054432	18.6562409129	15.1750684018	13.7462002386	8.7581749811	9.8352397531	4.7352167849	5.183301747	5.242070011	7.6071238323	5.4438937352																															
ALA	26	13.684	-1.088	-12.304	1	13.46	C	9.0610558436	3.9298071199	8.9891692608	8.0699923792	12.4194901667	14.1251951491	17.5709981788	18.5754378952	22.9091906885	24.4898447116	19.2300830471	20.0818685884	16.4360999328	13.3775648756	10.9549823368	9.627968737	5.950025042	9.1993276928	4.5143871123	8.5350211482	7.4320886028	5.1315880583	6.7793201724	5.7955821968																														
GLU	27	17.502	-2.243	-9.103	1	24.06	C	14.0704017356	8.3546814422	12.3715632804	9.2709665623	13.0323964795	13.8754132911	16.689206482	17.153495533	21.0377119478	23.4186053385	18.7098368245	20.2994869886	17.5082331204	15.4351326525	13.4029807133	13.7946329418	9.993895937	13.9155047339	8.9348632334	11.5827005487	9.0771261421	6.5499082436	5.2755649934	7.2880681254	5.114445229																													
LYS	28	19.562	2.549	-9.953	1	36.93	C	15.700501043	11.1137207991	15.1804617189	11.8245942425	16.7121710738	16.0605681718	20.0820282093	19.4705531765	22.78531018	24.7249556521	19.9575375736	22.7050140718	19.6450373123	17.9599707127	14.3896587868	15.0388625235	9.974300978	13.2216018697	8.817365196	10.7928885846	9.8389614797	10.0671478583	6.7231324544	5.6111824957	7.3010858097	5.2848239327																												
VAL	29	14.306	4.106	-10.521	1	41.35	C	11.641599117	8.084817685	11.1505544705	8.6058927486	14.15050462	13.5339125533	18.4055542704	18.033053707	21.7532459417	22.7999058989	17.4911777477	19.7599502277	16.0110066517	13.9367906277	9.6309300174	9.9601467359	4.7549777076	8.7236735955	6.100341138	10.2757964655	10.8399619003	10.3732803394	9.6802597589	6.3613984312	5.5266272717	7.2480991301	5.511116856																											
PHE	30	12.589	0.952	-6.722	1	26.25	C	12.3108902196	7.359051909	8.6224106258	4.0697918866	9.3318738204	8.781580097	13.2280342455	13.1848691309	17.2592821114	18.6642094662	13.433999144	15.2108940894	11.9011335595	10.2044140939	7.357385609	9.3683382198	6.5226512248	11.8587002239	9.2517523746	13.9174429764	13.1492241596	10.3825698649	10.9320957277	10.0242251571	6.0431241093	6.325721698	7.8493629678	5.2276386639																										
LYS	31	17.371	1.006	-4.764	1	2	C	16.8066433889	11.3889088591	13.5765847325	8.5988991156	12.6942373146	11.1130444524	14.8203211166	13.8201372642	17.0413458095	19.2947637197	14.8442152032	17.7659168916	15.4286810843	14.6870240348	12.0571901785	14.4706699568	10.7734827702	15.6348437472	11.9504221683	15.4084211716	13.8972254785	11.7726247286	10.1307640877	10.495327246	8.6504569243	5.4221843384	5.8401242281	7.2213069454	5.1676110535																									
GLN	32	17.003	6.431	-5.404	1	32.29	C	17.5447218559	13.4339312936	15.2892858564	10.723829027	15.7619680878	12.8917025253	17.9686574624	16.0520460067	18.6642673041	19.8908124017	15.2953035929	19.2212217614	16.4347175516	16.0336789914	11.782713864	14.495388922	10.2196705426	14.4706547882	12.2305532581	15.690229635	15.6864576307	14.9952610514	12.9249348935	10.9365744637	10.7313150173	9.4429803558	6.5047525702	6.2340294353	7.1582093431	5.4750021918																								
TYR	33	11.772	5.449	-4.304	1	57.03	C	15.2352382325	11.6444395743	11.4802613646	6.8960487237	11.7485449737	8.4666500459	14.2268167205	12.6118675857	15.7905114863	16.2834045887	11.0681491226	14.4110020817	11.2270276565	11.0308263063	6.7656397332	10.716801995	8.2553929646	13.2650521673	12.3506923693	17.0368782645	17.2088876456	15.2920975997	15.0951704528	13.0480567135	10.5065747511	10.7252116529	10.0501393523	6.846597257	5.170804773	7.1624472075	5.4348583238																							
ALA	34	14.175	2.193	-0.964	1	33.39	C	18.2080247419	13.3178640179	13.324467344	7.6152931001	10.8286046192	7.1209680522	11.5139666058	9.4414198614	12.4278303014	14.2762352881	9.8586784104	13.4886563452	11.7020854979	12.3080423301	10.1443646425	14.2392923981	11.9977570404	17.3456661446	15.0211828096	19.3207864747	18.2651447572	15.5081804864	14.931313606	14.7347958588	11.8153138765	9.848367682	10.4856390363	9.7474601307	6.1000033607	5.1052311407	6.7580935181	5.2470510766																						
ASN	35	17.75	5.718	0.603	1	45.22	C	22.1222266058	17.4346486343	18.1160934255	12.5707914628	16.0643761472	11.7423131026	15.965707626	12.8113656571	14.1548591303	15.8811185059	12.5165258359	17.4169019346	16.0525042906	17.1427180167	14.1378325425	18.2461718451	15.1103820269	19.96606183	17.6646866375	21.3008120268	20.5431788679	18.8570939702	16.8937379227	16.332501523	15.1474301781	12.5556943655	11.1693796157	11.7559795849	10.1492020376	7.1520118848	6.0951150112	7.7387010538	5.2594428412																					
ASP	36	13.787	9.274	-1.101	1	22.61	C	20.325566831	16.8994476241	16.7537189304	11.9972308055	16.1364058576	11.4204597105	16.9582820179	13.8857945758	15.4973691316	15.6348834981	11.5207809631	16.4929398835	14.3030622246	15.4021934152	11.3211701692	15.6495729654	13.0314646145	17.4223553517	16.7419553518	20.8765879875	21.2304530569	19.9088388913	18.6655217982	16.5352990599	15.260696642	14.5077399343	12.5273362691	10.7570435065	10.1136802896	9.7274071057	6.0779202035	5.3805259037	7.0929453685	5.590538525																				
ASN	37	10.654	6.568	1.89	1	45.03	C	20.730615741	17.167452694	15.5592258162	10.66878442	13.2182349805	7.5753527971	12.7874468523	9.3218502992	10.8805179105	10.7054615034	6.4328508455	11.7180241509	10.3557516869	12.6218492306	10.1407906003	15.3835830027	14.3387584539	19.2671862502	18.6916499807	23.3912588374	23.2520791543	20.7911982339	20.5459652	19.1937407766	16.4092922456	15.664446176	15.3545261731	13.1693382142	10.4618461564	10.9694871804	9.6711429521	6.3927866381	6.29947474	7.261686099	5.1072699165																			
GLY	38	13.878	5.642	5.168	1	50.15	C	24.3332201116	20.0130435466	18.9601756321	13.5305176915	15.392835996	9.7982789305	13.4111607626	9.098388044	9.0705584172	10.1902911637	7.9772961585	13.6045787145	13.5342250979	16.1129984174	14.3226576444	19.4189739688	17.8491990296	22.9691369015	21.5115688642	25.8256729244	25.0943558794	22.5467540014	21.6294471959	21.1476523756	18.7243509901	16.7023364234	16.4474662486	15.7698193078	12.8463894149	11.5038327961	11.0523902392	9.7052186477	7.0416783511	5.9864334123	7.2456929275	4.690089125																		
VAL	39	12.187	1.735	2.887	1	25.79	C	20.9175684533	16.3226574736	14.9687184154	9.5171154243	10.7110086827	5.5447561714	9.0961740309	5.6719194282	8.1164845223	10.0482383033	6.3027204444	10.5245889706	10.1299963475	12.2313092104	11.4264201306	16.2741486106	15.2520859229	20.6424087984	18.8503871578	23.3958298207	22.2658015351	18.9940444087	18.9273279942	18.9758799005	15.5234280686	13.7052474987	14.8296601782	13.7799225687	9.6492266011	9.2705500376	10.6764672528	8.104104022	4.3579936898	7.2130377789	8.6775955771	5.1673965398	4.8298127293																	
ASP	40	16.839	0.291	5.62	1	34.46	C	25.0660109511	19.793315993	19.4504051886	13.8409001514	14.6696205132	10.5959547942	11.9200313339	8.4953707983	8.8568943767	12.3446763425	10.8028881323	14.8364787601	15.3481494976	17.3308134258	16.6654771909	21.1213525135	19.2951640055	24.6614400634	21.9035390976	25.7725668493	23.9865275728	20.8810926438	19.8272026771	20.917384086	18.2517243569	14.9541784796	15.9697095152	16.7780271486	13.0699802984	10.4221737176	12.6196304225	12.278649315	7.3527923947	7.4466461578	11.6267292907	9.5691093629	6.1322936981	5.5852957845																
GLY	41	15.613	-3.969	3.933	1	51.59	C	23.2128832763	17.6897397098	17.2956469379	12.1683605305	11.7691261783	9.5031123849	9.0579199599	7.535010418	9.5989772893	13.5824331031	11.5753462583	13.751349352	14.2859913902	15.6005415611	16.0893691921	19.8929612929	18.5744043511	23.9485862004	20.7646262668	24.6004579022	22.257643586	18.3965397562	18.1665180208	20.1028738742	16.6030530626	13.2847541566	15.8398207376	16.6081904493	12.1198119622	10.1724627303	14.0453433208	13.0881692379	8.0011684772	10.4639207757	14.2846939414	11.8234470016	9.8441236786	6.7355183913	4.743062829															
GLU	42	16.048	-8.412	2.277	1	66.59	C	23.0072062189	17.3073978691	17.3606942546	13.1719821591	11.7602815017	11.9020911188	9.807661495	10.5155696945	13.1540964342	17.2168846485	15.1517038976	15.7791234547	16.2082325378	16.6030010841	17.9322979286	20.7416516941	19.6392905422	24.7251252171	20.9552784281	24.3385376923	21.3208912103	16.9525132355	17.2870963727	20.2911821735	16.4874204471	13.0259386226	16.7947794567	17.986764356	13.4399098955	11.8332047223	16.7399054657	15.9286238577	11.2462542653	14.3302470321	18.1471099903	15.9262489306	14.51143332	10.8738691366	9.3564704349	4.7614924131														
TRP	43	15.977	-5.784	-2.684	1	2	C	18.1393833964	12.2127478071	13.4042802492	9.1596590548	9.8080273756	10.5124800594	10.9744205314	11.7689147333	15.4763919245	18.7273751231	15.0801984403	16.0912265225	14.8844533658	14.1127642579	14.2846304467	16.381087296	14.5392790399	19.4470576438	15.4014602554	18.7533359966	15.9162594852	11.7379395551	12.0220669188	14.7215112675	10.9478155355	7.4878479552	11.6245204202	12.7288220193	8.5532265257	7.2369700842	12.5561658559	12.1031695849	8.3569212632	12.0931344985	15.2985408781	14.2066079343	14.0218822203	10.0963113066	10.3249738498	6.8710559596	5.6145299002													
THR	44	12.803	-10.206	-3.947	1	41.24	C	17.4506349168	12.1350669549	12.49176889	10.3959158808	8.5322467147	12.073560204	10.4898845084	13.3899255786	17.5653251037	20.6197732771	17.1524244933	16.1358016225	15.1205903655	13.5885027137	15.5457470068	16.5627472963	16.1820891729	20.5403732683	16.7893761945	20.0384958018	16.9106617552	11.7694160433	14.0731581388	17.1540468403	12.3997392715	10.5865152907	15.6347734873	15.8211829204	11.4998863038	12.1343750148	17.2207031796	15.6929740648	12.8263741564	17.2843595484	19.711376715	17.8901046951	18.3138732659	13.7720910903	14.7649515407	10.43506919	7.2447661798	5.5878018039												
TYR	45	13.86	-9.381	-9.226	1	71.83	C	14.0190722946	8.7660395276	11.3012323664	10.5413968714	10.7866955552	14.6986566393	14.8443581875	17.4401177748	21.872744158	24.5316025771	20.2613548659	19.5698456049	17.3714858892	14.6441971101	15.4501934292	14.8729296711	13.7564686239	17.1748184561	12.8378592452	15.3064632427	11.9231939513	6.6720783119	9.9008356718	13.211738417	8.8475368889	8.0143831328	13.242591627	13.5563678764	10.7077703561	11.8374969483	16.5682068131	15.7643499073	14.2238301804	18.4315257643	20.3477266298	19.7031594675	20.8057225061	16.5254093444	17.9673520865	14.3360396902	11.7492686581	7.7600168814	5.4466241838											
ASP	46	9.209	-11.619	-9.212	1	86.14	C	13.6989940142	9.9526787349	10.2687856147	11.4593675654	9.5982597381	15.0129855125	14.0526613494	17.7632857602	22.4083960604	24.6273942998	20.5489045937	18.3588950103	16.3517950391	13.2597732258	15.6888770153	14.5951368613	15.3713834771	18.4037534759	15.29905752	18.1860343671	15.4142193121	10.1488859487	14.5121996265	16.9703864717	11.8527655001	12.5177915784	17.5631977157	16.5821746161	13.2534727902	15.6778051079	20.0262278026	17.9436355569	16.8363298851	21.676126845	22.8749612896	21.3567178658	22.9461561487	18.2642711598	20.4952000234	16.5022647234	13.7496869419	11.0665185582	6.5294433147	5.1614572555										
ASP	47	11.583	-11.686	-14.862	1	85.08	C	12.4752616806	9.6967780732	12.5618798354	14.5094445793	14.619284832	19.5167984311	19.6973658645	22.8938197337	27.5659937423	29.7631126564	25.2209333888	23.6716839071	20.9618927581	17.2756537069	18.3028663056	15.7550161219	15.5008346549	17.0314632078	13.364575489	14.5910156946	11.557936494	7.3110497878	12.1502265411	14.7778137084	11.1029351525	12.5447555177	17.0410664866	16.6025984111	15.0662098751	17.220842372	21.1436953487	20.1274764936	19.8116003644	24.085209777	25.1703066529	24.7931656107	26.5843470674	22.2601675196	24.3019832318	20.7134017969	18.011124951	14.2283001093	11.082239169	6.5009422394	6.1288551133									
ALA	48	6.98	-14.311	-13.025	1	68.31	C	14.1182560184	12.3333353964	12.6846854908	15.5685550068	13.7337718781	19.4916918198	18.4559364162	22.4769762424	27.1569972567	29.0794241346	24.9655662463	22.1438252341	19.9483046648	16.3485994507	18.9672774008	16.5913746869	18.0344961671	19.7908118075	17.263252098	19.3427892508	16.8395765683	12.2828735237	17.2588638676	19.4695385924	14.8428833452	16.4842710485	21.2603741265	19.9781425813	17.4398354063	20.2688798654	24.2645983688	22.1241204345	21.6706659335	26.5118110472	27.2904607876	25.9208051958	27.8691561049	23.1900562526	25.652569267	21.6577795953	18.7397446354	16.1428627882	11.5398629975	9.2774835489	5.1724533831	5.6082798611								
THR	49	5.407	-10.24	-11.094	1	38.98	C	11.1094854066	9.2732650668	8.1584280961	11.5135932706	9.6743655606	15.4277285755	15.1125217618	18.950154564	23.7556548847	25.208434521	20.8354603741	18.0195647839	15.4338770243	11.6465089619	14.4374223115	12.3138051389	14.4469693362	16.7182456915	14.9141937093	18.122537212	16.3047626171	11.5442410318	16.5041946486	17.7255921763	12.3988682145	14.6357478456	19.110845795	16.891662026	13.9984417704	17.5976905303	21.0894655456	18.2417665263	18.2776971471	23.3201033874	23.4708467039	21.8774799509	24.2579555816	19.6172726443	22.8243374712	19.2171435442	17.1859275572	14.2235345818	10.2850173067	8.6994548105	4.4608036272	7.3777853045	4.7724344941							
LYS	50	7.996	-6.741	-14.394	1	77.76	C	6.8038897698	5.0885370196	7.1100355133	10.598881073	11.579725774	16.1944818688	17.6868410407	20.5645608754	25.4039066484	26.7629410379	21.7527617787	20.2108860024	16.7343257408	12.5598546568	13.1507516515	9.8418805622	10.6304971191	12.0494894913	9.8838724192	12.7673549727	11.4359255856	7.4933541889	12.6149093933	12.9938994917	8.2872102061	11.7724560309	15.4854427447	13.132921914	11.7956552171	15.5126894509	18.3152322672	16.2684472523	17.2731380183	21.8008533319	21.6036977159	21.1981862668	23.8874121034	19.6987313805	22.9827733096	20.0395010417	18.5889533326	14.2033907923	12.0105488218	8.2501103023	7.2193751115	6.1268766921	7.759595157	5.4622268353						
THR	51	7.182	-7.298	-8.751	1	73.03	C	10.5150451259	6.9589767208	5.5729124343	7.4762272571	6.2281815163	11.5977570676	12.095134559	15.4006491422	20.2532982252	21.7745760234	17.174407326	15.1281574886	12.3290465974	8.7635682801	11.0623578409	10.0722813205	11.5843222072	14.9719870759	12.8671211232	16.8178627953	15.0633793685	10.1246507594	14.4022062546	15.3778385347	9.6676736085	11.4969269372	15.8641927938	13.5622819614	10.0705009806	13.7356581932	17.2087155535	14.2593800005	14.1286410882	19.1988592369	19.4108142282	17.8199781425	20.1499026549	15.5591824335	18.904396605	15.5899922386	14.1937921642	10.7913256832	7.9454717292	7.011433377	4.7950277371	8.7159432077	8.2152327417	4.1588024719	5.7285507766					
PHE	52	11.28	-4.304	-6.818	1	26.96	C	11.9662870181	6.3869069196	7.1047572795	4.3986248988	6.2926588975	9.0855239805	11.0793639258	12.9085224948	17.5489562653	19.5172778327	14.7159293964	14.5984845104	11.8274646903	9.3719040755	9.5417783458	10.3324890515	9.4953423319	14.1414357828	10.9942444488	15.2143527631	13.279631659	8.6967327198	11.1835499731	12.2379966089	6.7983871617	6.9413420893	11.1974710538	9.6745534781	5.4174009451	8.3375834029	12.2471364	10.0838122255	9.2120220364	14.0489367925	14.9442705409	13.9435118962	15.7903994883	11.4664377642	14.3777727761	11.5961681171	11.0602221045	6.4297873215	6.7376386071	6.1831054495	7.9705396304	10.9220725597	12.5362234345	9.3814924719	8.609262512	5.4308497493				
THR	53	9.698	-7.672	-2.639	1	38.77	C	16.2913981598	11.438648915	10.0404428687	7.6649173512	4.5080009982	8.3240627701	6.9005475145	10.1615291172	14.7489077901	17.2116258674	13.4931239896	12.0445169683	10.9561957814	9.7579773006	12.3463024829	14.1055031459	14.6071530765	19.3029439465	16.5449769417	20.6447675938	18.2981042187	13.249531803	15.8055293173	17.6785342718	12.3551396997	11.4960755478	15.976918758	14.9023780653	9.9700624873	11.7770216099	16.1215030007	13.3878430675	10.9620882591	15.9573609347	17.5000651713	14.9734223543	15.9901296117	11.1903282347	13.5134870037	9.5859594199	8.0645617364	6.5568597667	4.2158089378	7.9769351257	7.6825945487	13.0025824358	12.6227113173	9.8231527526	11.9140081417	6.6201719011	5.5955508219			
VAL	54	11.553	-2.794	0.293	1	35.28	C	18.2146544024	13.1553542712	11.9037951091	6.881293701	6.6450422121	4.7052460084	6.2699592503	6.1196590591	10.4199764875	12.9825465145	9.0486753727	10.2858414337	9.462688043	10.1154961322	10.8185833638	14.5239827182	13.9758363614	19.3448651068	16.876127192	21.3261893924	19.5418221515	15.4158765563	16.3321729112	17.3368729303	12.8893757025	11.1345865662	14.0595962246	13.1198934828	8.0197279879	8.5943221373	12.135029213	9.4407319102	5.7727897935	10.5334255112	12.3519478626	9.5396883597	10.0168530987	5.2576261754	8.1139355432	5.5779767837	7.4634579787	6.1134609674	8.6300546928	11.8034816474	13.1802877814	17.5710725057	18.1912820329	14.9291661187	15.6185475317	11.0084328131	7.2746786871	5.9860281489		
THR	55	11.253	-7.613	3.36	1	59.28	C	22.0444834142	17.0048841807	15.4179471396	11.6517046392	8.6517261861	8.7491447582	4.9919273833	6.7951298001	10.1404355922	13.6786877295	11.7294874568	11.1764519415	12.2615986315	13.2839243449	15.7016002369	18.934761472	19.0607211301	24.2341113722	21.443546092	25.553249852	23.0878592555	18.3620682386	19.6926776747	21.8064105483	17.1419451055	14.9403236243	18.6960341784	18.4211272999	13.2962718459	13.3310337559	17.5243867796	15.1532868052	11.1082265011	15.0840186621	17.6491485914	14.269564184	13.632846878	9.4064440146	9.9390247006	5.7111001567	4.9802926621	7.8861494406	7.9068576565	12.9741924219	13.3521966732	18.6745686162	18.2096116927	15.8112289529	18.0713294752	12.7807897643	10.7024246785	6.1975403992	5.7200743002	
GLU	56	11.736	-2.809	6.959	1	39.16	C	24.6489367925	19.8031917124	17.9458159469	13.1644979016	11.6569183749	8.1481675241	6.8297681513	3.6019440584	4.7295987145	8.8453074565	8.0816269402	10.1260223188	12.0052696346	14.6235477228	15.8847501712	20.3840957121	20.1407588735	25.5613825135	23.3493331168	27.7488808423	25.8841576838	21.8300826842	22.2296993682	23.4471299949	19.4375850866	17.0749804099	19.389950593	18.9729419174	14.2141651531	13.5549319069	16.3083615977	13.9660670555	9.6820790123	12.2178828362	14.6686430865	10.7141781766	8.9002947142	6.1182122389	6.1191118637	5.0530589745	8.4798630296	10.9464220182	13.2210035171	17.5970675114	18.5877128771	23.5580257874	23.5430625875	20.5228363293	22.0317687216	16.9615487795	13.865377384	10.9509733357	6.6685283234	6.0220018266
