Mut Correlation SASA log10fit
A19C 0.0401595554675 0.0707044674 -0.0499761988795
A19D 0.191497633067 0.0707044674 -0.553109823544
A19E 0.0276627697899 0.0707044674 -0.396575467368
A19F 0.081231611946 0.0707044674 -0.614213259262
A19G 0.0896737311643 0.0707044674 -0.0356476295752
A19H 0.262536201743 0.0707044674 -0.225180727541
A19I 0.313704717261 0.0707044674 -0.478656650958
A19K 0.378145933544 0.0707044674 0.214919593436
A19L 0.391609129061 0.0707044674 -0.398445153903
A19M 0.264829603465 0.0707044674 -0.269732473153
A19N 0.204070286451 0.0707044674 -0.103363942645
A19P 0.571505428186 0.0707044674 -0.514092781368
A19Q 0.000166400318604 0.0707044674 -0.0515441066092
A19R 0.376205968533 0.0707044674 0.375151755044
A19S 0.0365251704449 0.0707044674 0.0503756637288
A19T 0.0748183984344 0.0707044674 0.0372694968
A19V 0.0870557573283 0.0707044674 0.0259978802906
A19W 0.391009149189 0.0707044674 -0.403486635937
A19Y 0.304665010573 0.0707044674 -0.505253705711
A22C -0.0981011168222 0.245790378 -0.46238737492
A22D -0.0477129645224 0.245790378 -0.391548514183
A22E -0.132630882902 0.245790378 -0.575818722216
A22F -0.0993556073202 0.245790378 -2.0
A22G -0.0559148778136 0.245790378 -0.289125755451
A22H -0.26333765254 0.245790378 -1.14663863849
A22I -0.23969399619 0.245790378 -1.07007107121
A22K -0.188270068606 0.245790378 -1.19718714428
A22L -0.297700448905 0.245790378 -1.07908251642
A22M -0.245662827938 0.245790378 -1.44731621826
A22N -0.0385506748399 0.245790378 -0.254342273388
A22P 0.00425536165031 0.245790378 0.0315403725766
A22Q -0.283746463861 0.245790378 -1.08531503113
A22R -0.199076260739 0.245790378 -1.22297072712
A22S -0.028977508757 0.245790378 -0.0681528374808
A22T -0.17088647311 0.245790378 -0.463963418397
A22V -0.176319884367 0.245790378 -0.595939128041
A22W -0.138257414997 0.245790378 -2.0
A22Y -0.153937728082 0.245790378 -2.0
A23C 0.0063090570418 0.4897766323 0.289770848609
A23D -0.115629298595 0.4897766323 0.0303946915593
A23E -0.174003865196 0.4897766323 0.54710663823
A23F -0.0717898253174 0.4897766323 0.562546779078
A23G 0.0355604850992 0.4897766323 0.391298500703
A23H 0.224135924149 0.4897766323 0.570544260098
A23I -0.121614343452 0.4897766323 0.165050497496
A23K -0.184313731201 0.4897766323 -0.804447494954
A23L -0.0595192676236 0.4897766323 0.115258905824
A23M -0.0187039457327 0.4897766323 0.332141784715
A23N -0.00313741482345 0.4897766323 0.387925897123
A23P 0.0673444468727 0.4897766323 0.540084639444
A23Q -0.120767162241 0.4897766323 0.447160754195
A23R -0.114234510254 0.4897766323 -0.323817502531
A23S -0.0590640799447 0.4897766323 0.319283736812
A23T 0.017645367886 0.4897766323 0.386123367005
A23V -0.115393185012 0.4897766323 0.212899734667
A23W -0.0097967629985 0.4897766323 0.632272701471
A23Y -0.143372316354 0.4897766323 0.700864982795
A25C 0.537801598786 0.0 -0.132989966153
A25D 0.0788893254582 0.0 -2.0
A25E -0.100891522061 0.0 -2.0
A25F 0.18079136526 0.0 -2.0
A25G 0.446728863399 0.0 0.0618328534542
A25H 0.286358440029 0.0 -2.0
A25I 0.477403905764 0.0 -0.82667524168
A25K -0.0672900936146 0.0 -2.0
A25L 0.198896070364 0.0 -1.9959833532
A25M 0.549086238164 0.0 -0.913879000382
A25N 0.196796749378 0.0 -1.84766709355
A25P 0.5631523505 0.0 -0.631727163925
A25Q 0.471268913879 0.0 -1.2005704236
A25R 0.237395026751 0.0 -2.0
A25S 0.369726962292 0.0 0.0169133678038
A25T 0.638955927536 0.0 -0.355704678605
A25V 0.347193093888 0.0 -0.488801980859
A25W 0.529178866883 0.0 -1.60414008683
A25Y 0.139980087313 0.0 -2.0
A33C 0.0480448892623 0.0 0.0160146480046
A33D -0.105140075885 0.0 -2.0
A33E -0.140946362058 0.0 -2.0
A33F 0.0456622911915 0.0 -1.90080737034
A33G 0.132193220211 0.0 -0.596119982305
A33H -0.0547966387128 0.0 -2.0
A33I 0.0441737771906 0.0 -1.2811775379
A33K 0.0263053502417 0.0 -2.0
A33L -0.162045800705 0.0 -1.38087444632
A33M 0.0415685339852 0.0 -0.114218269577
A33N 0.0139535192007 0.0 -2.0
A33P -0.0837233813116 0.0 -2.0
A33Q -0.0190797482199 0.0 -2.0
A33R -0.146919814153 0.0 -1.9360759024
A33S 0.0865481612944 0.0 -0.101939584364
A33T -0.0835392316736 0.0 -0.677945895559
A33V -0.0879473015444 0.0 -0.746619151385
A33W -0.0242390600771 0.0 -2.0
A33Y 0.120663299818 0.0 -1.73378713257
A47C 0.0530857407715 0.7994845361 0.0807331715739
A47D 0.0112198711307 0.7994845361 0.0404044983365
A47E 0.0302560470382 0.7994845361 0.0623596861854
A47F 0.00400643757071 0.7994845361 0.139564096055
A47G 0.013052452486 0.7994845361 0.0927053877022
A47H 0.0326296010787 0.7994845361 0.134134533115
A47I -0.0142349837964 0.7994845361 0.137040750918
A47K 0.000269261623826 0.7994845361 0.12646318219
A47L 0.00267221809825 0.7994845361 0.121686200378
A47M -0.0135863610745 0.7994845361 0.114915986667
A47N -0.0348737871786 0.7994845361 0.0984001225377
A47P -0.05276951088 0.7994845361 0.103390876755
A47Q 0.0102722162282 0.7994845361 0.118342636589
A47R -0.00506231213827 0.7994845361 0.127183002652
A47S 0.00272140239719 0.7994845361 0.104397978616
A47T -0.0188373419057 0.7994845361 0.112735814969
A47V 8.93776261684e-06 0.7994845361 0.127586099117
A47W 0.00537903221765 0.7994845361 0.117125573477
A47Y 0.00244182568902 0.7994845361 0.117572646498
D21A 0.234976716465 0.4210594066 0.219264118033
D21C 0.0965292297163 0.4210594066 0.158829014066
D21E 0.0862522014005 0.4210594066 0.193609851049
D21F 0.247134621832 0.4210594066 0.152177900859
D21G 0.170586648024 0.4210594066 0.1714734051
D21H 0.150632526377 0.4210594066 0.15259159135
D21I 0.320308573963 0.4210594066 0.157925671264
D21K 0.206095124873 0.4210594066 0.025657758234
D21L 0.207428209304 0.4210594066 0.171967472756
D21M 0.30420549417 0.4210594066 0.0658694609706
D21N 0.0658781118227 0.4210594066 0.0969888763409
D21P 0.542085099106 0.4210594066 0.0070283661486
D21Q 0.263437999282 0.4210594066 0.197210035307
D21R 0.325204294272 0.4210594066 0.0947744812674
D21S 0.0907176096297 0.4210594066 0.0974723776525
D21T 0.0863318341802 0.4210594066 0.144130451911
D21V 0.274044655978 0.4210594066 0.188874460789
D21W 0.295308494186 0.4210594066 0.214899370368
D21Y 0.183982499825 0.4210594066 0.152099878861
D35A 0.0303900501122 0.7315440561 0.220062744633
D35C 0.0788024891802 0.7315440561 0.177898925038
D35E 0.0398256988667 0.7315440561 0.05730852583
D35F 0.162948631284 0.7315440561 -0.0461000798287
D35G 0.0522639253606 0.7315440561 0.266555022751
D35H 0.126855679233 0.7315440561 0.0450209569569
D35I 0.160947161426 0.7315440561 0.128400952276
D35K 0.115981814854 0.7315440561 0.116364371268
D35L 0.13662146817 0.7315440561 0.162176302513
D35M 0.108719803423 0.7315440561 0.154348665693
D35N 0.0568155087649 0.7315440561 0.270197544756
D35P 0.22838700031 0.7315440561 -1.85049932269
D35Q 0.0430269270917 0.7315440561 0.129737271529
D35R 0.0780883238603 0.7315440561 0.231056064859
D35S 0.0311151560072 0.7315440561 0.223786773529
D35T 0.137732114201 0.7315440561 0.164017585822
D35V 0.14456012943 0.7315440561 0.220620192269
D35W 0.167289955466 0.7315440561 -0.0568617566029
D35Y 0.0503638211738 0.7315440561 0.0136506392861
D39A 0.0416197640277 0.7961639956 0.316472690833
D39C 0.110324451391 0.7961639956 0.200426222675
D39E -0.0437214628649 0.7961639956 -0.128995334423
D39F 0.0880235791556 0.7961639956 0.420983536047
D39G 0.00672700797393 0.7961639956 -0.127436775705
D39H 0.0568386075649 0.7961639956 0.424751559094
D39I 0.0698028202369 0.7961639956 0.189305014332
D39K 0.0605975172564 0.7961639956 -0.00786522398007
D39L 0.0251039343413 0.7961639956 -0.106210081449
D39M 0.00708241643708 0.7961639956 -0.0251332853872
D39N -0.0397051181465 0.7961639956 0.192013619943
D39P 0.0309244848299 0.7961639956 -0.45955818137
D39Q -0.00180771854177 0.7961639956 -0.0171197870095
D39R 0.0512675425847 0.7961639956 0.152326893248
D39S 0.0477314457118 0.7961639956 0.271212129227
D39T 0.0376107614776 0.7961639956 0.00253586030889
D39V 0.0713162599227 0.7961639956 0.225551388811
D39W 0.122050016637 0.7961639956 0.52726373214
D39Y 0.22686602457 0.7961639956 0.526149181788
D45A 0.129685979891 0.4421703031 0.089963569695
D45C 0.0818065661189 0.4421703031 0.111922100032
D45E 0.0221752883264 0.4421703031 0.000678885576488
D45F 0.102557396198 0.4421703031 0.0247453060005
D45G 0.478065746464 0.4421703031 0.0653054643357
D45H 0.00335890165671 0.4421703031 0.0986494781019
D45I 0.0918045808637 0.4421703031 0.0807788320125
D45K 0.183047420185 0.4421703031 0.125693021254
D45L 0.141802733772 0.4421703031 0.0931156676539
D45M 0.136589610501 0.4421703031 0.0833609447517
D45N 0.0543189746285 0.4421703031 0.137937871712
D45P 0.369736926408 0.4421703031 -1.47698686235
D45Q 0.0528387582958 0.4421703031 0.0945233369138
D45R 0.226557882832 0.4421703031 0.135146467535
D45S 0.0788541983005 0.4421703031 0.143941394635
D45T 0.127884388997 0.4421703031 0.19422001848
D45V 0.0123394541858 0.4421703031 0.107654942435
D45W 0.153652169736 0.4421703031 0.0578241727747
D45Y 0.101653574485 0.4421703031 -0.00711828377063
D46A -0.0632859631127 0.5122610543 0.234434053943
D46C -0.106063354369 0.5122610543 0.149207676223
D46E -0.0364902817339 0.5122610543 0.0493383504218
D46F -0.0502920727853 0.5122610543 0.245525464481
D46G -0.0629670391481 0.5122610543 0.198472187382
D46H -0.0627997447294 0.5122610543 0.338441626502
D46I -0.0616284005927 0.5122610543 0.157329077212
D46K -0.0344228390787 0.5122610543 0.330424554208
D46L -0.041929852917 0.5122610543 0.182019861672
D46M -0.0592223926719 0.5122610543 0.1473258218
D46N -0.0171639607361 0.5122610543 0.220446652646
D46P -0.0160067954818 0.5122610543 0.280439734382
D46Q -0.0520890478733 0.5122610543 0.231668686105
D46R -0.0150655749142 0.5122610543 0.446438888563
D46S -0.0340340044795 0.5122610543 0.252862185252
D46T -0.0607031115976 0.5122610543 0.180523767966
D46V -0.0359051407667 0.5122610543 0.18270624278
D46W -0.109221566125 0.5122610543 0.330217514373
D46Y -0.0265493960856 0.5122610543 0.240433014453
E14A 0.0715322321805 0.5497435349 -0.0475715310786
E14C -0.0220334191867 0.5497435349 0.0921929857096
E14D 0.110683786402 0.5497435349 -0.213069305762
E14F 0.017407608893 0.5497435349 0.0921113013404
E14G 0.117290211966 0.5497435349 -0.296569217952
E14H -0.0117364418367 0.5497435349 0.227390058288
E14I -0.0146432068919 0.5497435349 0.145274087213
E14K 0.039500392126 0.5497435349 0.0309517866671
E14L 0.0651641928123 0.5497435349 -0.0143478206862
E14M 0.103759489388 0.5497435349 -0.0782612200436
E14N 0.142412194368 0.5497435349 -0.0873498744451
E14P 0.269379257587 0.5497435349 -0.671576427788
E14Q -0.00250538909003 0.5497435349 0.137205858801
E14R 0.0270886598134 0.5497435349 0.155337569954
E14S -0.0203825556114 0.5497435349 0.184942981243
E14T -0.00982421152778 0.5497435349 0.167449831398
E14V -0.0373954095198 0.5497435349 0.171672269488
E14W -0.0631052641475 0.5497435349 0.161769033875
E14Y -0.062210072334 0.5497435349 0.220878846201
E18A 0.0425305038675 0.7026073947 0.164631797256
E18C -0.0142553374053 0.7026073947 0.126788013662
E18D 0.0433410390383 0.7026073947 0.0752610300794
E18F 0.00655034008304 0.7026073947 0.193783110827
E18G 0.172418251814 0.7026073947 0.14917347177
E18H 0.093957440619 0.7026073947 0.172835758907
E18I 0.00824114373444 0.7026073947 0.200037665456
E18K 0.0187300714989 0.7026073947 0.192584781349
E18L 0.0128189069106 0.7026073947 0.188978144416
E18M 0.0739384905166 0.7026073947 0.0698072393195
E18N -0.001649708598 0.7026073947 0.178111313399
E18P 0.0954709515607 0.7026073947 0.18277982463
E18Q -0.00469253374218 0.7026073947 0.1713346547
E18R 0.0646416287802 0.7026073947 0.20871946298
E18S 0.00930511972586 0.7026073947 0.146762507142
E18T 0.0671032631599 0.7026073947 0.146160284874
E18V 0.052757781202 0.7026073947 0.197919680372
E18W 0.296898202786 0.7026073947 0.193491580485
E18Y -0.01573811455 0.7026073947 0.183999871986
E26A -0.128649878099 0.2788523189 -2.0
E26C -0.0271244451123 0.2788523189 -2.0
E26D 0.0919896440192 0.2788523189 -2.0
E26F -0.16965745858 0.2788523189 -2.0
E26G -0.299785577515 0.2788523189 -2.0
E26H -0.158807298552 0.2788523189 -2.0
E26I -0.0772482883736 0.2788523189 -2.0
E26K 0.0577461942034 0.2788523189 -2.0
E26L -0.0150245492368 0.2788523189 -2.0
E26M -0.00666108276932 0.2788523189 -2.0
E26N -0.0648500088628 0.2788523189 -2.0
E26P -0.116805519875 0.2788523189 -2.0
E26Q 0.0999617729273 0.2788523189 -2.0
E26R -0.189217947837 0.2788523189 -2.0
E26S -0.079396203023 0.2788523189 -2.0
E26T 0.0480621562576 0.2788523189 -2.0
E26V -0.21619265915 0.2788523189 -2.0
E26W -0.0203951629803 0.2788523189 -2.0
E26Y -0.0551861345543 0.2788523189 -2.0
E41A 0.0178224391835 0.7673113913 0.186138853321
E41C -0.00450788755166 0.7673113913 0.184866184582
E41D -0.0119671428868 0.7673113913 0.0736616575028
E41F -0.0256848600304 0.7673113913 0.203154011072
E41G 0.0702697214224 0.7673113913 0.195073000789
E41H -0.0220549413344 0.7673113913 0.118014203954
E41I -0.00406364322891 0.7673113913 0.277865472178
E41K 0.00339386296833 0.7673113913 0.215371609166
E41L 0.015502422945 0.7673113913 0.329947089865
E41M 0.0116798959005 0.7673113913 0.239047877714
E41N 0.0363457868478 0.7673113913 0.188879571617
E41P 0.190118331267 0.7673113913 -0.162960531741
E41Q 0.0393628427574 0.7673113913 0.332620133792
E41R 0.010110705685 0.7673113913 0.279853512407
E41S -0.00548850272151 0.7673113913 0.220441003006
E41T -0.0352053667152 0.7673113913 0.263055529322
E41V -0.0212875291171 0.7673113913 0.26157535193
E41W -0.0233980403158 0.7673113913 0.319371863508
E41Y -0.0538658327717 0.7673113913 0.195029810206
E55A 0.0692677831101 0.4523402436 -0.513868596778
E55C 0.183496560581 0.4523402436 -0.683849689827
E55D 0.150823216105 0.4523402436 -0.767323241147
E55F 0.124250547444 0.4523402436 -0.683474224358
E55G 0.0504212109627 0.4523402436 -0.636012616998
E55H 0.0476230458485 0.4523402436 -0.612609582807
E55I 0.106063476217 0.4523402436 -0.864880389331
E55K 0.228152767668 0.4523402436 -0.589125548389
E55L 0.234864276541 0.4523402436 -0.862672898123
E55M 0.199355448991 0.4523402436 -0.765353404442
E55N 0.0838898752508 0.4523402436 -0.673785464882
E55P 0.268010467073 0.4523402436 -0.848889239492
E55Q 0.0474118164322 0.4523402436 -0.390169991858
E55R 0.23624587926 0.4523402436 -0.574124100364
E55S 0.0941954582393 0.4523402436 -0.448039539073
E55T 0.0769591562024 0.4523402436 -0.386824285929
E55V 0.111604937102 0.4523402436 -0.605524015959
E55W 0.0372496138885 0.4523402436 -0.521689018388
E55Y 0.0215999432826 0.4523402436 -0.721656164335
F29A 0.396027921885 0.0226163285 -0.666818407294
F29C 0.439189655988 0.0226163285 -0.238120515878
F29D 0.0139632943838 0.0226163285 -2.0
F29E -0.034354189036 0.0226163285 -2.0
F29G 0.38771360604 0.0226163285 -1.32030840716
F29H 0.511891671564 0.0226163285 -0.0788975050559
F29I 0.30092998302 0.0226163285 -0.698844689992
F29K 0.573715689542 0.0226163285 -1.16401258568
F29L 0.0196180809799 0.0226163285 -0.10445286095
F29M 0.281094627333 0.0226163285 -0.183685373607
F29N 0.689277685044 0.0226163285 -0.82339697552
F29P 0.0467396624007 0.0226163285 -2.0
F29Q 0.597925808541 0.0226163285 -1.1013071617
F29R 0.131243327 0.0226163285 -2.0
F29S 0.676645392258 0.0226163285 -0.453603391327
F29T 0.453099675145 0.0226163285 -1.03818535111
F29V 0.263413278599 0.0226163285 -0.392481167204
F29W 0.53325719362 0.0226163285 -0.351280587832
F29Y 0.552767435026 0.0226163285 -0.378307228634
F51A 0.236546223149 0.0225715437 -1.75507312191
F51C 0.0916426749904 0.0225715437 -1.65169092695
F51D 0.125916233116 0.0225715437 -2.0
F51E -0.0665194060399 0.0225715437 -2.0
F51G -0.0117584894294 0.0225715437 -2.0
F51H 0.209707868302 0.0225715437 -1.65309199622
F51I 0.386382595034 0.0225715437 -1.22302272396
F51K -0.00372751939585 0.0225715437 -2.0
F51L 0.443345855489 0.0225715437 -0.675250270703
F51M 0.310865966479 0.0225715437 -0.735561734475
F51N 0.0173698846107 0.0225715437 -2.0
F51P 0.0084454020579 0.0225715437 -2.0
F51Q 0.0632817896896 0.0225715437 -2.0
F51R 0.0763206373505 0.0225715437 -2.0
F51S 0.0949024645773 0.0225715437 -2.0
F51T 0.221929730719 0.0225715437 -2.0
F51V 0.389141840473 0.0225715437 -1.48897310666
F51W -0.0418463609508 0.0225715437 -2.0
F51Y -0.118878240203 0.0225715437 -0.977695455015
G13A 0.0834327858909 0.4111548087 -0.654013519193
G13C 0.0696019785604 0.4111548087 -0.651152263752
G13D 0.0741268912439 0.4111548087 -0.868658345584
G13E 0.123284934184 0.4111548087 -0.609814612493
G13F 0.13488563808 0.4111548087 -0.914289885076
G13H 0.124205637839 0.4111548087 -0.683096459236
G13I 0.151138991077 0.4111548087 -0.67388113372
G13K 0.0562414948945 0.4111548087 -0.890386731754
G13L 0.147520991211 0.4111548087 -0.85395699908
G13M 0.18451154313 0.4111548087 -1.09927575123
G13N 0.133880163022 0.4111548087 -0.667856712057
G13P 0.236529419312 0.4111548087 -1.06532843332
G13Q 0.107110794511 0.4111548087 -0.695913417202
G13R 0.0996602121306 0.4111548087 -0.778705315049
G13S 0.0612889079754 0.4111548087 -0.683437141102
G13T 0.12440276545 0.4111548087 -0.617635490205
G13V 0.157130650408 0.4111548087 -0.621569934813
G13W 0.0591876444357 0.4111548087 -0.563516156788
G13Y 0.147640412659 0.4111548087 -0.775876160877
G37A 0.0413089824177 0.7786914551 -0.00145558519038
G37C 0.0983559143611 0.7786914551 -0.264687938547
G37D 0.12460193975 0.7786914551 -0.248800227849
G37E 0.139915733033 0.7786914551 -0.345270070328
G37F 0.156271021769 0.7786914551 -0.246819435257
G37H 0.161974784606 0.7786914551 -0.337719892996
G37I 0.258613713019 0.7786914551 -0.683953381538
G37K 0.125675425528 0.7786914551 -0.372240832522
G37L 0.164506673121 0.7786914551 -0.207634144424
G37M 0.167049797095 0.7786914551 -0.336299159853
G37N 0.0994743539598 0.7786914551 -0.302445970983
G37P 0.205339894063 0.7786914551 -2.0
G37Q 0.105578623758 0.7786914551 -0.342391759022
G37R 0.114807389914 0.7786914551 -0.37374883189
G37S 0.126498513671 0.7786914551 -0.22613886134
G37T 0.231751937068 0.7786914551 -0.32675539066
G37V 0.250111667371 0.7786914551 -0.385497958816
G37W 0.226216522326 0.7786914551 -0.208594767898
G37Y 0.191551101187 0.7786914551 -0.197409536414
G40A 0.062552517113 0.3207007508 -0.982702181776
G40C 0.0534093619104 0.3207007508 -1.28068453936
G40D 0.242002167584 0.3207007508 -2.0
G40E 0.0570908650972 0.3207007508 -2.0
G40F 0.234856752029 0.3207007508 -1.23774551991
G40H 0.0432448423313 0.3207007508 -2.0
G40I -0.154496350563 0.3207007508 -2.0
G40K 0.0875470289195 0.3207007508 -2.0
G40L 0.0116155387169 0.3207007508 -2.0
G40M 0.144442749171 0.3207007508 -1.94635035082
G40N -0.0759963483884 0.3207007508 -2.0
G40P -0.00806798099696 0.3207007508 -2.0
G40Q -0.108406737507 0.3207007508 -2.0
G40R 0.118180261809 0.3207007508 -2.0
G40S -0.161517736991 0.3207007508 -1.92143949188
G40T -0.0934303730702 0.3207007508 -2.0
G40V -0.010057864903 0.3207007508 -1.86015235297
G40W -0.0488667285879 0.3207007508 -2.0
G40Y 0.232658827749 0.3207007508 -1.92678435309
G8A 0.0872684928163 0.039208676 -0.0981359117067
G8C 0.0612800340629 0.039208676 -0.19812635306
G8D 0.320395960659 0.039208676 -0.876751722703
G8E 0.373610742001 0.039208676 -0.946535978556
G8F 0.0849044664354 0.039208676 -0.587267136929
G8H 0.141491494845 0.039208676 -0.683902056711
G8I 0.133221755708 0.039208676 -0.859758069563
G8K 0.217944810921 0.039208676 -0.911645604735
G8L 0.0595882430213 0.039208676 -0.708049886709
G8M 0.0892252116251 0.039208676 -0.830823701355
G8N 0.216440871242 0.039208676 -0.915774369053
G8P 0.414921351214 0.039208676 -0.62352818731
G8Q 0.214560228826 0.039208676 -0.893652367713
G8R 0.175658030588 0.039208676 -0.61124743647
G8S 0.0847656810331 0.039208676 -0.386488321451
G8T 0.0339856743871 0.039208676 -0.514279112985
G8V 0.0953437301817 0.039208676 -0.80619695759
G8W 0.107524535416 0.039208676 -0.56918932425
G8Y 0.193040853927 0.039208676 -0.600790343142
I5A 0.139030802853 0.3377730982 -0.13408550239
I5C 0.0866946679997 0.3377730982 -0.0634610182938
I5D 0.423531163317 0.3377730982 -0.162530208101
I5E 0.285043148304 0.3377730982 0.0573226901377
I5F -0.00394414104614 0.3377730982 0.10190100167
I5G 0.584925024196 0.3377730982 0.0589483945516
I5H 0.0370425857025 0.3377730982 0.037423068793
I5K 0.054200915138 0.3377730982 0.036097980434
I5L 0.0285018409864 0.3377730982 0.152024505135
I5M 0.0799191557248 0.3377730982 -0.0806092355361
I5N 0.000602594244812 0.3377730982 -0.0793826603996
I5P -0.0679276687674 0.3377730982 -2.0
I5Q 0.080236969075 0.3377730982 0.0417930180118
I5R 0.0054613678565 0.3377730982 0.0416152206434
I5S 0.159151388417 0.3377730982 -0.113835795051
I5T 0.129694382086 0.3377730982 0.031496269801
I5V -0.0438928301415 0.3377730982 0.0232646546286
I5W 0.0673690908348 0.3377730982 0.0868234623206
I5Y 0.0359935283991 0.3377730982 0.149444276804
K12A 0.0131743966498 0.6038363295 -0.00625266008815
K12C -0.00057001564446 0.6038363295 0.0698513710143
K12D 0.154703241185 0.6038363295 -0.256656069569
K12E 0.114532599472 0.6038363295 -0.0782862066929
K12F 0.0759928348163 0.6038363295 -0.0845357599848
K12G 0.0955446636842 0.6038363295 -0.124346142475
K12H 0.0455599239427 0.6038363295 -0.108921043308
K12I 0.0494350194048 0.6038363295 -0.0516831289453
K12L 0.118870650857 0.6038363295 -0.197612536474
K12M 0.0255306080568 0.6038363295 -0.0529727524292
K12N -0.00252505507174 0.6038363295 0.0496892857609
K12P 0.200690642893 0.6038363295 -0.749352639272
K12Q -0.0107536883005 0.6038363295 -0.0294985834797
K12R -0.0595450454283 0.6038363295 0.149441925565
K12S -0.0225903248469 0.6038363295 0.202161066473
K12T -0.0321879648219 0.6038363295 0.226264607057
K12V 0.0654085228164 0.6038363295 0.0355359591088
K12W -0.00609222254734 0.6038363295 0.270827179788
K12Y 0.0298020321069 0.6038363295 -0.210430533943
K27A -0.0547729553529 0.5313991036 -1.30022449631
K27C -0.100483154636 0.5313991036 -0.86642395511
K27D -0.160393501277 0.5313991036 -2.0
K27E -0.108927724933 0.5313991036 -2.0
K27F -0.184526408894 0.5313991036 -0.857570155932
K27G -0.183249277094 0.5313991036 -1.31948295224
K27H -0.167754911025 0.5313991036 -1.00117763807
K27I -0.107657299858 0.5313991036 -0.549138809892
K27L -0.100944506559 0.5313991036 -0.708920128626
K27M -0.0908491453404 0.5313991036 -0.888936121453
K27N 0.0208070042466 0.5313991036 -1.36721055802
K27P 0.0146316719932 0.5313991036 -1.1342782759
K27Q -0.0836809929411 0.5313991036 -1.27927279694
K27R -0.0733555339234 0.5313991036 -0.369105505426
K27S -0.139553141988 0.5313991036 -1.39389295805
K27T -0.16784500947 0.5313991036 -1.03354985148
K27V -0.0850674034007 0.5313991036 -0.767402852327
K27W -0.162881889828 0.5313991036 -1.39990971544
K27Y -0.0209782697927 0.5313991036 -1.35259914398
K30A -0.130214437474 0.3337028291 -2.0
K30C -0.0226103699961 0.3337028291 -2.0
K30D 0.0555225458889 0.3337028291 -2.0
K30E 0.0458315250515 0.3337028291 -2.0
K30F -0.0366290082852 0.3337028291 -2.0
K30G -0.0868943020086 0.3337028291 -2.0
K30H -0.147750613026 0.3337028291 -2.0
K30I -0.0563239036544 0.3337028291 -2.0
K30L -0.25893013101 0.3337028291 -2.0
K30M -0.153668845549 0.3337028291 -1.96544324306
K30N -0.0584760354647 0.3337028291 -2.0
K30P -0.0553546214361 0.3337028291 -2.0
K30Q 0.0698909365024 0.3337028291 -2.0
K30R -0.137197855265 0.3337028291 -0.631294842086
K30S -0.135173363027 0.3337028291 -2.0
K30T -0.0548999631086 0.3337028291 -2.0
K30V -0.103776108031 0.3337028291 -2.0
K30W -0.206584566002 0.3337028291 -2.0
K30Y -0.183773608985 0.3337028291 -2.0
K3A 0.20682242964 0.30589426 -0.153933741705
K3C 0.0772574184296 0.30589426 -0.118672617446
K3D 0.645078346108 0.30589426 -0.235211599234
K3E 0.544113814961 0.30589426 -0.21622381236
K3F 0.0320531271575 0.30589426 -0.117940874289
K3G 0.321943503585 0.30589426 -0.247487948324
K3H 0.0328975907752 0.30589426 -0.123595486609
K3I 0.0380926474138 0.30589426 -0.015421383415
K3L 0.0633712916161 0.30589426 0.123955546348
K3M 0.0623230085444 0.30589426 -0.0184770591875
K3N 0.134641151421 0.30589426 -0.159600884249
K3P 0.583254579444 0.30589426 -1.4888038984
K3Q 0.0997476216231 0.30589426 -0.0472081779443
K3R 0.0430089033864 0.30589426 0.00891112059329
K3S 0.128290353218 0.30589426 -0.127669548115
K3T 0.0225936619534 0.30589426 -0.0769833222596
K3V 0.0813624642066 0.30589426 -0.0150601465912
K3W 0.0947113673848 0.30589426 -0.0309057499867
K3Y 0.0642722843981 0.30589426 -0.112283828975
K49A 0.0175131734345 0.2763024724 0.0648156210422
K49C 0.0439768600689 0.2763024724 -0.0146038549788
K49D 0.216963320556 0.2763024724 -0.0216312852172
K49E 0.21227463538 0.2763024724 0.00250430883177
K49F -0.0245430366113 0.2763024724 -0.122110379453
K49G 0.0466359245175 0.2763024724 0.193500677923
K49H -0.0560453979974 0.2763024724 0.072496809994
K49I 0.18722858901 0.2763024724 -0.0760863194602
K49L -0.0324325748104 0.2763024724 -0.0508419293662
K49M -0.0152763644978 0.2763024724 -0.0984408935012
K49N -0.00463090855379 0.2763024724 -0.0196607218053
K49P 0.601081464811 0.2763024724 -0.418010849232
K49Q 0.0115674211144 0.2763024724 0.0332824821805
K49R 0.0186703156578 0.2763024724 0.124876061759
K49S 0.0451238855048 0.2763024724 0.0417067154412
K49T 0.201710140349 0.2763024724 0.00269924698608
K49V 0.133179535461 0.2763024724 0.027404035029
K49W -0.0222110351371 0.2763024724 -0.0228837515928
K49Y -0.0146652333406 0.2763024724 -0.0796357727968
K9A -0.000724433588321 0.7870740759 -0.0243243175912
K9C 0.121413837003 0.7870740759 -0.00684982767674
K9D 0.0494678427299 0.7870740759 -0.0199646126377
K9E 0.00193395596743 0.7870740759 -0.0569804636593
K9F -0.0387678667883 0.7870740759 -0.00709953056753
K9G 0.0931252406954 0.7870740759 -0.171459357414
K9H 0.0281836608924 0.7870740759 0.0420161759965
K9I -0.0888578187533 0.7870740759 0.0230801354416
K9L -0.0464142021244 0.7870740759 0.0258909675204
K9M 0.0283467110072 0.7870740759 -0.146998155486
K9N 0.0227665768971 0.7870740759 0.0594324138846
K9P 0.140617576959 0.7870740759 -0.399123119539
K9Q -0.0400553106701 0.7870740759 -0.00660593055886
K9R -0.00297076071992 0.7870740759 0.197490803766
K9S 0.0297345408315 0.7870740759 -0.0443033518449
K9T -0.0340429816738 0.7870740759 0.0334941025285
K9V -0.00746197010936 0.7870740759 0.0441050521122
K9W -0.0223815212602 0.7870740759 0.0444228801906
K9Y -0.0233635143867 0.7870740759 0.0141149132776
L11A 0.138135186168 0.298903985 -0.742579188272
L11C 0.112014346523 0.298903985 -0.523696524644
L11D 0.208561876941 0.298903985 -0.875715136648
L11E 0.201101278242 0.298903985 -0.789634168376
L11F 0.0441964359192 0.298903985 -0.424083843036
L11G 0.137308158852 0.298903985 -0.747231049969
L11H 0.122766938767 0.298903985 -0.740709631311
L11I 0.125849726869 0.298903985 -0.347408736358
L11K 0.156942742729 0.298903985 -0.706559921406
L11M 0.135006626892 0.298903985 -0.555044852854
L11N 0.189448635433 0.298903985 -0.846686770182
L11P 0.257898646614 0.298903985 -0.980105439483
L11Q 0.189637996411 0.298903985 -0.673513116058
L11R 0.153678413283 0.298903985 -0.707625413279
L11S 0.12458430019 0.298903985 -0.745328808548
L11T 0.116409641221 0.298903985 -0.642978991325
L11V 0.120700919634 0.298903985 -0.478660261242
L11W 0.0462801380552 0.298903985 -0.797116788517
L11Y 0.090827355543 0.298903985 -0.879914213409
L4A 0.4591052843 0.0 -0.247590993733
L4C 0.165913711628 0.0 -0.108036352067
L4D -0.0749693282493 0.0 -2.0
L4E 0.0961644921638 0.0 -2.0
L4F 0.148701185171 0.0 -0.283779927933
L4G 0.680056786969 0.0 -0.651139284721
L4H 0.737182353368 0.0 -0.728216637193
L4I 0.305706687283 0.0 -0.686082756579
L4K 0.404508966183 0.0 -1.85829868423
L4M 0.135290061377 0.0 -0.433665825895
L4N 0.821977783465 0.0 -0.408358585851
L4P -0.0117332394567 0.0 -2.0
L4Q 0.725262719375 0.0 -0.694993074875
L4R 0.508004090125 0.0 -1.99012421578
L4S 0.769727832061 0.0 -0.36510608673
L4T 0.774918643207 0.0 -0.233573056014
L4V 0.277522658558 0.0 -0.139979958522
L4W 0.269394856582 0.0 -1.31765266431
L4Y 0.509726829953 0.0 -1.0829136651
L6A 0.37554841431 0.0319208041 -0.0303602015416
L6C 0.23796678376 0.0319208041 0.0153185831176
L6D 0.215583630741 0.0319208041 -1.63026863691
L6E 0.562984038446 0.0319208041 -0.872221742367
L6F 0.0731232377618 0.0319208041 -0.429256942056
L6G 0.436157669018 0.0319208041 -0.572960983199
L6H 0.191331091252 0.0319208041 -1.2650054677
L6I -0.137365024709 0.0319208041 0.23021697481
L6K 0.525379755858 0.0319208041 -0.584030478129
L6M 0.0821508976469 0.0319208041 -0.384099594743
L6N 0.502171262386 0.0319208041 -0.68487349731
L6P 0.614702751 0.0319208041 -0.283659603226
L6Q 0.396491577938 0.0319208041 -0.742389130914
L6R 0.416130871969 0.0319208041 -0.928768311527
L6S 0.413879534407 0.0319208041 -0.19429595293
L6T 0.249920372645 0.0319208041 -0.0702375343289
L6V 0.0389469956789 0.0319208041 0.099272205568
L6W 0.0450120428788 0.0319208041 -1.23019140803
L6Y 0.256313891144 0.0319208041 -0.913070850743
N34A -0.0982607397693 0.5872564695 -1.89710581481
N34C -0.0387299296255 0.5872564695 -1.29402696084
N34D 0.0233116124384 0.5872564695 -2.0
N34E 0.0811950849495 0.5872564695 -2.0
N34F -0.134973646271 0.5872564695 -1.73404890658
N34G -0.189592251283 0.5872564695 -1.28554809512
N34H -0.157647540307 0.5872564695 -1.80516054456
N34I -0.186149080949 0.5872564695 -1.49697032229
N34K -0.104257050948 0.5872564695 -2.0
N34L -0.0225229410666 0.5872564695 -1.99523235453
N34M -0.2108726777 0.5872564695 -1.91094509326
N34P -0.0994874536854 0.5872564695 -2.0
N34Q -0.18218388072 0.5872564695 -2.0
N34R -0.131723139965 0.5872564695 -1.86379025503
N34S -0.115792151499 0.5872564695 -1.30863098354
N34T -0.0936278705255 0.5872564695 -1.0154288014
N34V 0.0539038229474 0.5872564695 -1.98643000444
N34W -0.0621853564205 0.5872564695 -1.52441239059
N34Y -0.104992783065 0.5872564695 -1.81914169969
N36A 0.0606787585877 0.4146384793 -0.648922407285
N36C 0.0292043451348 0.4146384793 -0.236440201137
N36D 0.302793903259 0.4146384793 -1.19647432907
N36E 0.115027855215 0.4146384793 -0.824382600651
N36F -0.113566323533 0.4146384793 -1.24201935995
N36G 0.199704389529 0.4146384793 -0.42096443061
N36H 0.122023616125 0.4146384793 -0.462644439351
N36I 0.134233592548 0.4146384793 -0.430233613559
N36K 0.0725188665587 0.4146384793 -0.680489557453
N36L 0.14651808331 0.4146384793 -0.51385943868
N36M 0.147511560075 0.4146384793 -0.677168880989
N36P -0.232741869032 0.4146384793 -2.0
N36Q 0.117753670824 0.4146384793 -0.552431037737
N36R 0.119565840518 0.4146384793 -0.716614761568
N36S 0.0697522425272 0.4146384793 -0.22509540561
N36T 0.132580489962 0.4146384793 -0.339303422066
N36V 0.0629342073252 0.4146384793 -0.560822989698
N36W 0.150997063422 0.4146384793 -0.802786686639
N36Y 0.131275544263 0.4146384793 -1.00479833875
N7A 0.0734066883475 0.4067033813 0.00950943933168
N7C 0.0883967429609 0.4067033813 0.045445060046
N7D 0.0108819174372 0.4067033813 -0.0267749448454
N7E 0.101796150967 0.4067033813 -0.0292617136943
N7F 0.202830183125 0.4067033813 0.202525420463
N7G 0.192525029432 0.4067033813 -0.0385773120604
N7H 0.101323548777 0.4067033813 0.115802449024
N7I 0.0548984883131 0.4067033813 -0.0408237087345
N7K 0.0438544297952 0.4067033813 0.112092540112
N7L 0.0498374849706 0.4067033813 -0.0163105937894
N7M 0.123570002591 0.4067033813 -0.127817730034
N7P 0.200156194348 0.4067033813 -1.65310174221
N7Q 0.0286421539106 0.4067033813 0.0403348258699
N7R 0.0868461563005 0.4067033813 0.152154541919
N7S 0.0878321189544 0.4067033813 -0.0277705638508
N7T 0.0861229528294 0.4067033813 -0.180456314583
N7V 0.0403784422315 0.4067033813 -0.0464698216978
N7W 0.0818701879106 0.4067033813 0.103225681972
N7Y 0.0807112906787 0.4067033813 0.199130979325
Q1A 0.0963236516761 0.5942861002 0.181251615523
Q1C 0.173364734842 0.5942861002 0.0104696892394
Q1D 0.0721702483235 0.5942861002 -0.0406413797683
Q1E -0.0018829293271 0.5942861002 -0.0215535928843
Q1F -0.039350821325 0.5942861002 0.208661459981
Q1G 0.0679558245405 0.5942861002 0.110467465284
Q1H 0.00662764634775 0.5942861002 0.0885484776733
Q1I 0.0103844682336 0.5942861002 0.10373256907
Q1K 0.0175509888932 0.5942861002 0.124016084842
Q1L -0.0158027849616 0.5942861002 0.138058700301
Q1M -0.00647936905525 0.5942861002 0.15973163994
Q1N 0.0391252074594 0.5942861002 0.0536567315755
Q1P 0.0950455786272 0.5942861002 0.153481198902
Q1R -0.0320514205701 0.5942861002 0.18980420309
Q1S 0.0925147316398 0.5942861002 0.105468740463
Q1T 0.0579406642085 0.5942861002 0.122349576688
Q1V 0.00222520844295 0.5942861002 0.0704307201732
Q1W -0.0758057327902 0.5942861002 0.163124344392
Q1Y -0.0458520997353 0.5942861002 0.143803960893
Q31A 0.0402860713469 0.6205529418 -0.103522979063
Q31C 0.040824814483 0.6205529418 -0.0941716793339
Q31D 0.042309428473 0.6205529418 -1.23270773745
Q31E -0.0617931738953 0.6205529418 -1.12205182919
Q31F 0.0551928606553 0.6205529418 -0.633391151811
Q31G 0.074646443185 0.6205529418 0.175230964715
Q31H 0.0958133340439 0.6205529418 0.0602026408096
Q31I -0.0288034658661 0.6205529418 -0.405433917767
Q31K 0.0523186483952 0.6205529418 0.108111953493
Q31L 0.0272674087925 0.6205529418 -0.0172688334628
Q31M -0.00923061742089 0.6205529418 -0.0874746346093
Q31N 0.0990336720949 0.6205529418 0.212946220781
Q31P 0.0429967581905 0.6205529418 -1.72818552724
Q31R 0.0419217775039 0.6205529418 0.137276864551
Q31S 0.0384874539335 0.6205529418 -0.0441787212903
Q31T -0.0154176023504 0.6205529418 -0.177633701836
Q31V 0.0292323616406 0.6205529418 -0.379090683092
Q31W 0.0158776130375 0.6205529418 -0.613847292088
Q31Y 0.0394648309894 0.6205529418 -0.682502773592
T10A 0.0809424874856 0.9145616642 -0.457456480889
T10C 0.147646486665 0.9145616642 -0.398199446678
T10D 0.0893262178995 0.9145616642 -0.482185382895
T10E 0.109044227205 0.9145616642 -0.511985553593
T10F 0.127614610183 0.9145616642 -0.412273532859
T10G 0.118970741436 0.9145616642 -0.553770256089
T10H 0.145713376108 0.9145616642 -0.420864472126
T10I 0.111568965961 0.9145616642 -0.447416419919
T10K 0.0562670203933 0.9145616642 -0.414316560122
T10L 0.139639006183 0.9145616642 -0.438619092421
T10M 0.121030909139 0.9145616642 -0.624158486303
T10N 0.0898412143388 0.9145616642 -0.394440068096
T10P 0.295123867593 0.9145616642 -0.742719674107
T10Q 0.129600753966 0.9145616642 -0.43158975118
T10R 0.127914403246 0.9145616642 -0.385403780821
T10S 0.0372304607084 0.9145616642 -0.130800227173
T10V 0.143948847837 0.9145616642 -0.407837944834
T10W 0.127180404298 0.9145616642 -0.395351487042
T10Y 0.147106533783 0.9145616642 -0.382072361995
T15A 0.129914830056 0.3406051601 -0.355320287674
T15C 0.128067258811 0.3406051601 -0.267319119713
T15D 0.242415207989 0.3406051601 -0.655955736589
T15E 0.135177129446 0.3406051601 -0.337071624625
T15F 0.0975440717795 0.3406051601 -0.407302590559
T15G 0.211401649651 0.3406051601 -0.331657883584
T15H 0.0924242419388 0.3406051601 -0.265504788593
T15I 0.104097314706 0.3406051601 -0.0775323956029
T15K 0.112022983652 0.3406051601 -0.0858476685435
T15L 0.117329744196 0.3406051601 -0.11831258533
T15M 0.129849645917 0.3406051601 -0.2674338186
T15N 0.144198698441 0.3406051601 -0.344764630624
T15P 0.423510502806 0.3406051601 -0.374056070936
T15Q 0.148913288852 0.3406051601 -0.157219067545
T15R 0.131368894741 0.3406051601 0.00188573125553
T15S 0.0754618994584 0.3406051601 -0.248784628105
T15V 0.111426373841 0.3406051601 -0.131859488347
T15W 0.0771167172833 0.3406051601 -0.517945039956
T15Y 0.053677239514 0.3406051601 -0.409003899726
T16A -0.0261367964786 0.5683506686 0.089557791553
T16C 0.0747062103869 0.5683506686 0.0478563421615
T16D 0.160743867223 0.5683506686 -0.359424260754
T16E 0.125302752452 0.5683506686 -0.1449881822
T16F 0.047251542013 0.5683506686 0.0434149106898
T16G 0.0294344778718 0.5683506686 0.273352487159
T16H 0.0377266671676 0.5683506686 0.127842294816
T16I 0.0481090045457 0.5683506686 -0.140801390165
T16K 0.0503904990449 0.5683506686 0.0123175939105
T16L 0.094252693141 0.5683506686 -0.0730124553987
T16M 0.0613500810611 0.5683506686 -0.0276657266934
T16N 0.069203529202 0.5683506686 -0.110244158443
T16P 0.522512831963 0.5683506686 -0.454899128318
T16Q 0.0139917932334 0.5683506686 0.0389541703271
T16R 0.0204701463546 0.5683506686 0.157787219939
T16S 0.00640291689652 0.5683506686 0.0629496112447
T16V 0.0665544785439 0.5683506686 -0.11044579461
T16W 0.0694143111082 0.5683506686 0.162645290196
T16Y 0.058994876097 0.5683506686 0.046383133787
T17A 0.0369472169436 0.1738484398 0.0443713322469
T17C -0.000369599476612 0.1738484398 0.0731589370536
T17D 0.387737323214 0.1738484398 -0.558116865699
T17E 0.178043908104 0.1738484398 -0.58225997512
T17F 0.050863038907 0.1738484398 -0.0362856629204
T17G 0.297923536919 0.1738484398 -0.189350692964
T17H 0.0610879515785 0.1738484398 0.00869156408896
T17I -0.00128282787721 0.1738484398 -0.0659638361208
T17K 0.249189796913 0.1738484398 0.0563522383642
T17L 0.0908633509094 0.1738484398 -0.230518915744
T17M 0.0995651394418 0.1738484398 -0.44583670104
T17N 0.253634089137 0.1738484398 -0.0912807117815
T17P 0.526213772557 0.1738484398 -1.39909005666
T17Q 0.156146157234 0.1738484398 -0.169198939816
T17R 0.193154322134 0.1738484398 0.0797737306496
T17S 0.111858837464 0.1738484398 -0.0233410512104
T17V 0.0859985042388 0.1738484398 0.0610139402232
T17W 0.107452354704 0.1738484398 -0.007630860472
T17Y 0.0346049033013 0.1738484398 -0.0155752679841
T24A -0.0128654708246 0.3784276645 0.0638501926189
T24C 0.0673383480249 0.3784276645 0.147663847114
T24D -0.0522431450409 0.3784276645 -0.422650300461
T24E -0.104087661251 0.3784276645 -0.452938644491
T24F 0.014634755919 0.3784276645 0.253268616452
T24G 0.0114639402266 0.3784276645 -0.0311011808682
T24H 0.00234935669625 0.3784276645 0.151341936124
T24I 0.0346080010038 0.3784276645 0.179253729048
T24K 0.0754522010442 0.3784276645 0.0906422389821
T24L 0.0520179514001 0.3784276645 0.050733580526
T24M 0.0660512492774 0.3784276645 0.311941612508
T24N -0.042528041221 0.3784276645 -0.0223170978061
T24P 0.464941489145 0.3784276645 0.077846349736
T24Q 0.0225692365401 0.3784276645 0.217164578522
T24R 0.0753580978523 0.3784276645 0.373396263232
T24S 0.0237512716125 0.3784276645 0.169194252501
T24V 0.00942242009456 0.3784276645 -0.0221258978768
T24W -0.00176476540986 0.3784276645 0.3366152265
T24Y 0.00461248898022 0.3784276645 0.0645863451976
T43A 0.0482333085653 0.5817911657 0.164806178426
T43C 0.0424157616622 0.5817911657 -0.0170120338668
T43D 0.0306941183763 0.5817911657 -0.162634512211
T43E 0.0213322305184 0.5817911657 -0.00593335372251
T43F 0.0752648738374 0.5817911657 0.0099369531284
T43G 0.0878559942544 0.5817911657 0.145988500231
T43H 0.0752414229303 0.5817911657 0.0546501304694
T43I 0.0250780016149 0.5817911657 -0.23927099677
T43K 0.0572991885427 0.5817911657 0.0910951789921
T43L 0.0788506850441 0.5817911657 0.00333620388961
T43M 0.0822711200671 0.5817911657 0.0690959423478
T43N 0.0472124949328 0.5817911657 -0.0826559650954
T43P 0.044499615475 0.5817911657 -2.0
T43Q 0.0875238541344 0.5817911657 0.157872693313
T43R -0.00306154429996 0.5817911657 0.085402162608
T43S 0.00454918323482 0.5817911657 0.067215522477
T43V -0.0186619291867 0.5817911657 -0.310552898976
T43W 0.0647341544614 0.5817911657 0.105212539794
T43Y 0.0142132198149 0.5817911657 -0.0611444170145
T48A 0.016172584031 0.5927326759 0.0704985463202
T48C 0.0519124912804 0.5927326759 0.0918758452788
T48D 0.0425618005038 0.5927326759 0.0318472427148
T48E 0.00609425605051 0.5927326759 0.0690716421329
T48F 0.0247929925557 0.5927326759 0.0818418968068
T48G 0.0346899217171 0.5927326759 0.0669584929858
T48H -0.0771005860683 0.5927326759 0.104990009038
T48I 0.0261117158629 0.5927326759 0.155985508351
T48K -0.00711998339598 0.5927326759 0.126716205846
T48L -0.0239517260897 0.5927326759 0.100926963733
T48M -0.0231570190699 0.5927326759 0.0761494601442
T48N -0.0148638059658 0.5927326759 0.0646576290746
T48P 0.500707828143 0.5927326759 -0.00560620415613
T48Q -0.00660581692078 0.5927326759 0.0864782431705
T48R -0.0381139571179 0.5927326759 0.117091849238
T48S 0.00346114745931 0.5927326759 0.113642550867
T48V 0.00731606211515 0.5927326759 0.0599787460646
T48W 0.0682527937057 0.5927326759 0.113657341806
T48Y 0.0705269339545 0.5927326759 0.107080789397
T50A 0.0513453916067 0.0950965825 -0.0779279496846
T50C -0.0178012211741 0.0950965825 0.0695737815302
T50D 0.600374804423 0.0950965825 0.090726151158
T50E 0.114435515645 0.0950965825 0.185639149569
T50F 0.36568406738 0.0950965825 0.199638528779
T50G 0.471485758948 0.0950965825 0.0283984074592
T50H 0.34447528161 0.0950965825 0.224658481078
T50I 0.0697841666101 0.0950965825 0.245900243371
T50K 0.280227341368 0.0950965825 0.226861485573
T50L 0.175134559857 0.0950965825 0.318204462857
T50M 0.151617069649 0.0950965825 0.263088916102
T50N 0.403474586156 0.0950965825 0.145007073984
T50P 0.00570787055537 0.0950965825 -1.69853100027
T50Q 0.174159255331 0.0950965825 0.224246147707
T50R 0.267826556775 0.0950965825 0.226731384274
T50S -0.0177618029423 0.0950965825 -0.05688993098
T50V 0.0505017115363 0.0950965825 0.254768705375
T50W 0.367323795263 0.0950965825 0.235683869313
T50Y 0.326524923753 0.0950965825 0.211752274122
T52A 0.13221039712 0.2622585438 0.00171171131429
T52C 0.0209142714264 0.2622585438 -0.034851816131
T52D 0.324069992866 0.2622585438 -0.199511113297
T52E 0.128286471943 0.2622585438 -0.0164539454448
T52F -0.0132176679795 0.2622585438 -0.267016352047
T52G 0.373747704492 0.2622585438 0.250082858843
T52H 0.106766181303 0.2622585438 -0.168768676084
T52I 0.0858315609633 0.2622585438 -0.119538177509
T52K 0.0930208723251 0.2622585438 -0.0211040588285
T52L 0.0495577754534 0.2622585438 -0.254862126667
T52M 0.0797622567304 0.2622585438 -0.0964667276514
T52N 0.161040183489 0.2622585438 -0.116950101447
T52P 0.132284242667 0.2622585438 -2.0
T52Q 0.0812377396359 0.2622585438 0.00939612751381
T52R 0.0780967920336 0.2622585438 -0.0435984375351
T52S 0.106658165761 0.2622585438 0.069048415141
T52V 0.0938629393557 0.2622585438 0.0275937011939
T52W 0.0766829177696 0.2622585438 0.00296052775845
T52Y -0.0131190667635 0.2622585438 -0.231778036458
T54A 0.0282716821774 0.3762663785 -0.165614638803
T54C 0.0727698520526 0.3762663785 -0.154632342716
T54D 0.00794548247307 0.3762663785 -0.292516701556
T54E 0.0374575814847 0.3762663785 -0.209008205714
T54F 0.0342703494941 0.3762663785 -0.218343528653
T54G 0.109797391424 0.3762663785 -0.344466777106
T54H 0.055693402419 0.3762663785 -0.224156784703
T54I 0.0327208235471 0.3762663785 -0.258919103158
T54K 0.080259074797 0.3762663785 -0.07116429711
T54L 0.0649612829529 0.3762663785 -0.231691023541
T54M 0.0185386573568 0.3762663785 -0.206541438689
T54N 0.0324636783785 0.3762663785 -0.211194355655
T54P 0.216490282234 0.3762663785 -1.48387284853
T54Q 0.00243303632902 0.3762663785 -0.166484632713
T54R 0.0629923545182 0.3762663785 -0.0263898205278
T54S 0.025412923604 0.3762663785 -0.0758837762567
T54V 0.0019219661325 0.3762663785 -0.174330095658
T54W 0.020235361382 0.3762663785 -0.0978991767938
T54Y 0.0288682884043 0.3762663785 -0.17869913872
V20A 0.111519623752 0.7990631164 -0.00500784605467
V20C 0.109230840325 0.7990631164 0.0421052080772
V20D -0.0875048841555 0.7990631164 -0.126957641608
V20E -0.0776621448499 0.7990631164 -0.181423303868
V20F -0.0255092513322 0.7990631164 0.132920816198
V20G -0.0193677184412 0.7990631164 0.0491101220569
V20H 0.0311283488415 0.7990631164 0.0322255745316
V20I -0.0122156744207 0.7990631164 0.0614806964293
V20K 0.0110154017325 0.7990631164 -0.00312871359816
V20L 0.0336016193054 0.7990631164 0.0107697237343
V20M 0.0844732441881 0.7990631164 -0.116804304506
V20N 0.0272684122764 0.7990631164 0.0454402438879
V20P 0.00167000787179 0.7990631164 -0.0375877655564
V20Q -0.0219672634641 0.7990631164 -0.0109749647598
V20R 0.050099782006 0.7990631164 0.189971793167
V20S 0.00233658501869 0.7990631164 -0.000789840417806
V20T 0.0355340307442 0.7990631164 -0.0213105634269
V20W 0.0599285432982 0.7990631164 0.161048255067
V20Y -0.0072558341817 0.7990631164 0.134195510152
V28A -0.0512092887851 0.4000862919 0.127345179353
V28C 0.0765694381195 0.4000862919 0.119947935814
V28D -0.0251955561723 0.4000862919 -0.591180791157
V28E -0.0348907598802 0.4000862919 -0.543984217421
V28F -0.027174732294 0.4000862919 0.00120448575202
V28G 0.256593135339 0.4000862919 -0.0140490569254
V28H -0.0111589430376 0.4000862919 0.0751968109121
V28I -0.0617797529873 0.4000862919 0.112714855395
V28K 0.0172448299663 0.4000862919 0.355958906448
V28L 0.00330848123213 0.4000862919 0.105943052736
V28M 0.0586337834829 0.4000862919 0.0774278163889
V28N -0.0298743831939 0.4000862919 0.160482426359
V28P 0.325969858528 0.4000862919 -0.949802570387
V28Q -0.0364221326622 0.4000862919 0.128296636705
V28R 0.0645372689522 0.4000862919 0.430291903292
V28S 0.0367341018342 0.4000862919 0.10502717427
V28T 0.0185729579521 0.4000862919 0.101088792857
V28W 0.0743742994996 0.4000862919 -0.119409571246
V28Y -0.0256720008468 0.4000862919 0.0242146315623
V38A 0.0208000298347 0.0485700197 -1.2722051218
V38C 0.0394978268623 0.0485700197 -0.679722533151
V38D -0.0151580833629 0.0485700197 -2.0
V38E 0.100155969139 0.0485700197 -1.54916103875
V38F -0.0505371645619 0.0485700197 -0.487506139354
V38G 0.10727655917 0.0485700197 -2.0
V38H -0.0568208289864 0.0485700197 -1.64104800691
V38I 0.0101815375774 0.0485700197 0.0961762747932
V38K 0.157317981843 0.0485700197 -1.7594588562
V38L -0.0105573373614 0.0485700197 0.163965221794
V38M 0.0215107993958 0.0485700197 0.00442641515805
V38N -0.142564813087 0.0485700197 -1.9984623775
V38P 0.0197799507819 0.0485700197 -2.0
V38Q -0.0275501990823 0.0485700197 -1.0525097221
V38R 0.0495693530831 0.0485700197 -1.82838799392
V38S 0.0885498525502 0.0485700197 -1.52851610114
V38T 0.177045166689 0.0485700197 -0.672055506716
V38W -0.0113784671188 0.0485700197 -2.0
V38Y -0.0502496107668 0.0485700197 -1.20649523887
V53A 0.431014424629 0.0 0.0736909998902
V53C 0.163861513477 0.0 0.0864662127328
V53D 0.331528788818 0.0 -1.56507440035
V53E 0.226849952633 0.0 -1.51610108755
V53F 0.245596969269 0.0 -0.149732409677
V53G 0.650525979885 0.0 -0.639375063522
V53H 0.458659012767 0.0 -0.854877757993
V53I -0.0383654802554 0.0 -0.487501184521
V53K 0.177434482245 0.0 -2.0
V53L -0.0602541529691 0.0 -0.483639784043
V53M 0.130496182691 0.0 -0.296326213072
V53N 0.438555614677 0.0 -0.711603334998
V53P -0.00522993415825 0.0 -2.0
V53Q 0.420496922629 0.0 -0.969486708765
V53R -0.0481917966182 0.0 -2.0
V53S 0.510634133111 0.0 -0.368692157573
V53T 0.282679226553 0.0 -0.27495495996
V53W 0.333339877288 0.0 -0.218868306577
V53Y 0.148917578804 0.0 -1.60871870589
W42A -0.128118871867 0.2255670258 -2.0
W42C -0.195984803927 0.2255670258 -2.0
W42D 0.171763986846 0.2255670258 -2.0
W42E -0.0744426729066 0.2255670258 -2.0
W42F 0.0853662784953 0.2255670258 -1.88209676443
W42G -0.0542601833472 0.2255670258 -2.0
W42H 0.162042114766 0.2255670258 -2.0
W42I -0.0592095262197 0.2255670258 -2.0
W42K -0.0707282809121 0.2255670258 -2.0
W42L 0.117883683138 0.2255670258 -2.0
W42M -0.18327192718 0.2255670258 -2.0
W42N -0.184582663736 0.2255670258 -2.0
W42P -0.016989755802 0.2255670258 -2.0
W42Q -0.008629754868 0.2255670258 -2.0
W42R -0.137284808528 0.2255670258 -2.0
W42S -0.0582735029982 0.2255670258 -2.0
W42T 0.0228421278577 0.2255670258 -2.0
W42V -0.202028028813 0.2255670258 -2.0
W42Y 0.150894321458 0.2255670258 -2.0
Y2A 0.78243628744 0.0130927402 -0.237591763036
Y2C 0.728020757731 0.0130927402 -0.21023899252
Y2D 0.0694592605216 0.0130927402 -2.0
Y2E -0.00595610067326 0.0130927402 -2.0
Y2F 0.0230176491735 0.0130927402 0.0229476684093
Y2G 0.44656855328 0.0130927402 -1.46793785013
Y2H 0.499068624862 0.0130927402 0.0610157627605
Y2I 0.406157475686 0.0130927402 -0.5411195263
Y2K 0.553574134127 0.0130927402 -1.28419020604
Y2L 0.472086865141 0.0130927402 -0.101899929911
Y2M 0.560500302075 0.0130927402 -0.219143582229
Y2N 0.756828629715 0.0130927402 -0.953972001022
Y2P 0.683568646474 0.0130927402 -1.1637603984
Y2Q 0.733476524974 0.0130927402 -0.742412382555
Y2R 0.606526679779 0.0130927402 -1.08663915638
Y2S 0.758462567103 0.0130927402 -0.556889640903
Y2T 0.706024186909 0.0130927402 -0.821926705876
Y2V 0.577099475866 0.0130927402 -0.515274657486
Y2W 0.0193595009433 0.0130927402 0.0467895182793
Y32A 0.338605028897 0.3420478389 -0.717922523608
Y32C 0.250157092648 0.3420478389 -0.512870741092
Y32D 0.355755960338 0.3420478389 -1.696370099
Y32E 0.238375260481 0.3420478389 -1.34814559132
Y32F -0.0711861482493 0.3420478389 0.198094468064
Y32G 0.606542837269 0.3420478389 -0.506937266531
Y32H 0.194804749913 0.3420478389 -0.429842707305
Y32I 0.101406681806 0.3420478389 -0.646555399114
Y32K 0.372945361434 0.3420478389 -0.485495718789
Y32L 0.112348971733 0.3420478389 -0.178321374903
Y32M 0.110646038743 0.3420478389 -0.319566433294
Y32N 0.381169486381 0.3420478389 -0.727154224142
Y32P 0.00931505500939 0.3420478389 -2.0
Y32Q 0.252448680448 0.3420478389 -0.603004287611
Y32R 0.373031642892 0.3420478389 -0.518936114986
Y32S 0.416721871161 0.3420478389 -0.738887970255
Y32T 0.345887363988 0.3420478389 -0.782963883621
Y32V 0.0973177729032 0.3420478389 -0.763896519713
Y32W 0.00602218461327 0.3420478389 -0.181033009686
Y44A 0.39584202613 0.3123793538 -1.26525698318
Y44C 0.0328664364429 0.3123793538 -0.685319810404
Y44D 0.145909268112 0.3123793538 -2.0
Y44E 0.179339658255 0.3123793538 -1.89936274266
Y44F 0.0189514112782 0.3123793538 -0.0402313946087
Y44G 0.217322475724 0.3123793538 -1.43961005943
Y44H 0.285151676631 0.3123793538 -0.620533180678
Y44I 0.371434988976 0.3123793538 -0.628158966706
Y44K 0.252893343747 0.3123793538 -1.32024758163
Y44L 0.33967107718 0.3123793538 -0.356419444626
Y44M 0.352079277551 0.3123793538 -0.557165162994
Y44N 0.225339430807 0.3123793538 -1.34989503422
Y44P 0.152761757363 0.3123793538 -2.0
Y44Q 0.175360421946 0.3123793538 -1.59436955325
Y44R 0.204771738186 0.3123793538 -1.31972493219
Y44S 0.311311021446 0.3123793538 -1.38406190471
Y44T 0.371340864844 0.3123793538 -1.39563966837
Y44V 0.230585343901 0.3123793538 -0.865822461747
Y44W 0.0770284411807 0.3123793538 0.257379756965
