Mut Correlation SASA Fitness
K12Q -0.0425429179564 0.6038363295 0.934332415726
E26D 0.127805103022 0.2788523189 0.00348044195229
E26V -0.118469273272 0.2788523189 0.00281808338294
E26F -0.0731728741504 0.2788523189 0.00216201211287
E26H -0.00148338789403 0.2788523189 0.0028048163484
E26S -0.0202985259144 0.2788523189 0.00241368723413
E26T -0.112641626487 0.2788523189 0.00294732108147
E26R -0.021132948 0.2788523189 0.00234046638637
E26M 0.128662183957 0.2788523189 0.00243043251993
K30A -0.0124820508562 0.3337028291 0.00319778385422
K30S -0.00605085436799 0.3337028291 0.00274036824852
K30V 0.0333999205775 0.3337028291 0.00283024721765
F51N -0.0591150076209 0.0225715437 0.00415168145634
F51P -0.0048850336168 0.0225715437 0.00406133922905
F51Q 0.00291594467204 0.0225715437 0.00447447170709
F51R 0.053401516716 0.0225715437 0.00403371193727
F51D 0.00453498000462 0.0225715437 0.00366900232386
K30T -0.0184590417658 0.3337028291 0.00233602171962
K30I -0.0279819275483 0.3337028291 0.00373401138847
K30P -0.0036867221949 0.3337028291 0.003629096827
E26P -0.0231128112732 0.2788523189 0.00352857703501
N34P 0.0443797696321 0.5872564695 0.0030302269663
K30F 0.0941053628384 0.3337028291 0.00304691310497
K30Y -0.0532508543505 0.3337028291 0.00217661269472
E26G -0.0714518920472 0.2788523189 0.00308926896711
E26Y -0.11493836135 0.2788523189 0.00290493961217
E26I -0.043191948175 0.2788523189 0.00305079186104
E26N 0.0217376359351 0.2788523189 0.00284046607818
A33K 0.00652304431978 0.0 0.00354916255812
K30Q -0.0392576218559 0.3337028291 0.0035553622233
F29E 0.100173359764 0.0226163285 0.00472169360288
K30G -0.0317089488551 0.3337028291 0.00288830383181
W42V -0.112096521158 0.2255670258 0.00331447646608
W42P -0.121747549776 0.2255670258 0.00307150812283
W42G -0.0757167015435 0.2255670258 0.00468012070234
W42N 0.0252539207784 0.2255670258 0.00282264683468
W42E 0.0239558809946 0.2255670258 0.00324312925007
W42Q 0.0398485448566 0.2255670258 0.00329298210122
W42T -0.05416679961 0.2255670258 0.00356255661732
W42H 0.11166362189 0.2255670258 0.00420826745862
E26A -0.0551293552156 0.2788523189 0.002307219072
E26Q 0.112695664409 0.2788523189 0.00246147901852
K30H -0.0167113552865 0.3337028291 0.00212667011705
G40K -0.11791150554 0.3207007508 0.00351726717199
G40I 0.0882185207315 0.3207007508 0.0029551346331
G40Q 0.012264239452 0.3207007508 0.00360701430472
G40H 0.0385149880916 0.3207007508 0.003751690334
Y32P 0.198858195154 0.3420478389 0.00823461982196
A33H 0.0754747144846 0.0 0.00507272330222
F51K -0.0331869488835 0.0225715437 0.00389499878765
F51G -0.0446699095601 0.0225715437 0.00492226533241
G40E 0.0817278038862 0.3207007508 0.00555335922354
G40D 0.0918398842151 0.3207007508 0.00513842233378
A33W -0.022074164443 0.0 0.00888718451161
Y44D 0.0283797258738 0.3123793538 0.00949213843142
N34D -0.0724850671068 0.5872564695 0.00681126037933
A25N 0.282139206373 0.0 0.0142014571077
Y2D 0.265010684555 0.0130927402 0.00952593470555
A25E 0.134748870035 0.0 0.0073954254901
W42L 0.0373439059866 0.2255670258 0.00363506753025
W42S -0.20140870827 0.2255670258 0.00328434120781
K30W -0.174988680315 0.3337028291 0.00468996437089
V38D 0.177691818477 0.0485700197 0.00558574379441
F29R 0.163543135153 0.0226163285 0.00498521383648
V53R -0.0996383022489 0.0 0.00532292496288
G40N -0.0520838563892 0.3207007508 0.00495927060086
K27D -0.0246340460559 0.5313991036 0.00501938024488
N34Q -0.0231839667834 0.5872564695 0.00811859163217
N34K 0.0803369809847 0.5872564695 0.00707323227949
A33N 0.197083442094 0.0 0.00631116611008
G40W -0.0782849215995 0.3207007508 0.00649121212911
K27E 0.0830137226149 0.5313991036 0.0052177533294
G40T -0.0932592708754 0.3207007508 0.00354459244892
G40P 0.0342510373636 0.3207007508 0.00423302047681
G40R 0.0325295470356 0.3207007508 0.00375637483212
W42R -0.0907143887235 0.2255670258 0.00490346608703
T43P -0.0473460424012 0.5817911657 0.00938953731735
F51E -0.156201953557 0.0225715437 0.00399162123364
E26L -0.0125356629185 0.2788523189 0.00248579326454
T52P 0.0479580512729 0.2622585438 0.0086389776517
Y44P 0.0856172597164 0.3123793538 0.0073422652145
A25R 0.170793935479 0.0 0.00916045778922
F51S 0.105085169077 0.0225715437 0.00616105565338
F51T 0.33279829478 0.0225715437 0.00720818107043
I5P 0.0420198063259 0.3377730982 0.00410908871555
L4D 0.0496576525432 0.0 0.00390457379278
L4E 0.147951691936 0.0 0.00726047243454
G37P 0.35894485355 0.7786914551 0.00687743879054
A25Y 0.299446653934 0.0 0.00811347391936
A25F 0.173104888504 0.0 0.00747432305919
A25H 0.300619562963 0.0 0.00651811595763
A25K 0.0581627741008 0.0 0.00529492087464
A33Q 0.0573308738648 0.0 0.00512639137033
A33P 0.0224844339644 0.0 0.00391161771035
V38W -0.0451871294546 0.0485700197 0.00897309797221
K30L -0.214089468128 0.3337028291 0.00605252768894
F51W -0.212029690005 0.0225715437 0.00717549293859
Y44E 0.160243390766 0.3123793538 0.0126077403842
N34V 0.0904766314996 0.5872564695 0.0103173935222
N34H -0.147125515774 0.5872564695 0.0156617200018
N34E 0.0321973031778 0.5872564695 0.00684977940897
N34Y -0.0980545921292 0.5872564695 0.0151655547168
V53D 0.430583302534 0.0 0.027222349135
V53E 0.450837422738 0.0 0.0304718563595
Y44Q 0.233872123461 0.3123793538 0.0254466400569
Y2G 0.523577493134 0.0130927402 0.0340456907423
F51C 0.0492919096523 0.0225715437 0.0223002161747
T54P 0.149529547255 0.3762663785 0.0328191365954
V53Y 0.312591210874 0.0 0.0246196170935
V38N 0.0659799278729 0.0485700197 0.0100354678164
V38G 0.212114408432 0.0485700197 0.0071615163252
A33R -0.077502564855 0.0 0.0115857485232
V38P 0.0442738685794 0.0485700197 0.00772123490549
A25L 0.149281463165 0.0 0.0100929157215
G40S -0.170416618963 0.3207007508 0.0119828606289
Q31P 0.0637794539164 0.6205529418 0.018698831701
G40M 0.0195814346281 0.3207007508 0.0113148721001
L4P -0.00269925640471 0.0 0.00712199033603
G40L 0.00425411614503 0.3207007508 0.00843206116652
D35P 0.243081229227 0.7315440561 0.0141091443688
F51A 0.358744198718 0.0225715437 0.0175762765828
G40V 0.250850562278 0.3207007508 0.013799001029
K30M -0.116497924569 0.3337028291 0.0108282121727
W42Y 0.0983493828935 0.2255670258 0.00806242111479
W42F -0.00349678312369 0.2255670258 0.0131190756252
N34L 0.0932160237261 0.5872564695 0.0101103838773
N34A -0.117323298904 0.5872564695 0.0126734304314
N34R -0.114151221601 0.5872564695 0.0136838953747
N34M -0.0904672796004 0.5872564695 0.0122759442296
V38K 0.28668663562 0.0485700197 0.0173996752973
V38H 0.0312785069254 0.0485700197 0.0228534616725
G40Y 0.200882296039 0.3207007508 0.0118362913539
L4R 0.533645367059 0.0 0.0102300035454
L4K 0.648708296797 0.0 0.0138580242117
A33Y 0.204624517405 0.0 0.0184591996663
A33F 0.151663956668 0.0 0.0125658719455
K30E 0.0818237544415 0.3337028291 0.0028095273874
K30N 0.0487374870554 0.3337028291 0.00354620640073
A33E -0.0034358496497 0.0 0.00403991501153
K30D 0.0582873605515 0.3337028291 0.00278013009099
E26K 0.00235389399366 0.2788523189 0.0024623130668
W42K -0.0234290449324 0.2255670258 0.00263281843824
F29P 0.0691339987154 0.0226163285 0.00587118609763
A33D -0.0127187981459 0.0 0.00420274386349
W42A 0.00502549024287 0.2255670258 0.00377144377682
W42D 0.0791754686656 0.2255670258 0.00335713993623
W42M -0.0198782287993 0.2255670258 0.00303653637087
T50P 0.174437310453 0.0950965825 0.0200202271061
E26W 0.0694188155573 0.2788523189 0.00238844610709
Y2E 0.171998492213 0.0130927402 0.00884227706082
W42C -0.178441570281 0.2255670258 0.00465441679902
E26C 0.102337952101 0.2788523189 0.00514089208942
A22F -0.139180067989 0.245790378 0.0082807709899
A22Y -0.100569490113 0.245790378 0.00679184581975
A25D 0.0236182094383 0.0 0.00591586694392
F29D -0.00306182924885 0.0226163285 0.00413741964599
V53P -0.00426846271336 0.0 0.00652138179577
W42I 0.0416571804162 0.2255670258 0.00319552323296
V53K 0.120569253242 0.0 0.00660694704578
N36P 0.119661752532 0.4146384793 0.0055928615117
K30C -0.0671562614278 0.3337028291 0.00652503323033
A22W -0.192839759362 0.245790378 0.00584670683074
Y44N 0.353745308598 0.3123793538 0.0446791565339
Y2K 0.605066536834 0.0130927402 0.051976830604
D45P 0.419479485492 0.4421703031 0.0333436499254
F29G 0.668206157854 0.0226163285 0.0478290321604
F29Q 0.708051177903 0.0226163285 0.0791941019443
Y44T 0.444043922312 0.3123793538 0.0402124312708
Y44G 0.382026879251 0.3123793538 0.0363404198544
F51V 0.493953981763 0.0225715437 0.0324359702447
F51H 0.272247942403 0.0225715437 0.0222283897875
K27W -0.142518528934 0.5313991036 0.0398189940817
N34I -0.162136264503 0.5872564695 0.0318441512271
N34W -0.160536339636 0.5872564695 0.0298942463713
N34F -0.172730907104 0.5872564695 0.0184480766082
Y44K 0.347114515208 0.3123793538 0.047835731371
K27Y -0.147098787944 0.5313991036 0.0444018285991
K27N -0.0940617910412 0.5313991036 0.0429328226055
K27A -0.158639353787 0.5313991036 0.0500928225941
K27S -0.242787090897 0.5313991036 0.0403744892996
K27Q -0.240557475586 0.5313991036 0.0525686958623
A33I -0.0446038025733 0.0 0.0523386434506
K27P 0.0106112120889 0.5313991036 0.0734043376248
Q31D -0.0861273454064 0.6205529418 0.0585183756565
Q31E -0.00832738347774 0.6205529418 0.0755002119495
Y44A 0.519963214621 0.3123793538 0.0542928971434
Y44R 0.323281643597 0.3123793538 0.0478933336864
Y44S 0.466278860156 0.3123793538 0.041298863004
Y2P 0.764639779131 0.0130927402 0.0685866516754
Y2R 0.677697981936 0.0130927402 0.0819145111129
Y2N 0.80903327217 0.0130927402 0.111180340297
F29T 0.62094935456 0.0226163285 0.091582954283
F51I 0.538687648132 0.0225715437 0.0598380284677
V28P 0.522624065617 0.4000862919 0.112252863815
G40C 0.2625881428 0.3207007508 0.0523980904999
V53Q 0.645813380641 0.0 0.10727864791
V38Q 0.0359922370944 0.0485700197 0.0886115386883
T17P 0.572126036508 0.1738484398 0.0398942167893
A25W 0.544027042231 0.0 0.0248805463734
L4W 0.437181413022 0.0 0.0481224063151
A25Q 0.640961042317 0.0 0.0630129158275
F29K 0.739598438359 0.0226163285 0.0685468361566
V38R 0.176460563261 0.0485700197 0.0148460871651
Y32D 0.424447266432 0.3420478389 0.020120089164
L6D 0.527834998991 0.0319208041 0.0234277921905
N7P 0.278617474216 0.4067033813 0.0222278909666
A33L -0.180316986156 0.0 0.0416030866815
V38E 0.147710156879 0.0485700197 0.0282383268828
V38A 0.0784014590302 0.0485700197 0.0534311938707
V38S 0.155205521149 0.0485700197 0.0296131017504
K3P 0.707986999419 0.30589426 0.0324486102932
N34T -0.140833243253 0.5872564695 0.0965097517738
K27M -0.205754420098 0.5313991036 0.129140920759
K27F -0.278115004005 0.5313991036 0.138812905345
F51Y -0.19113279446 0.0225715437 0.105269981105
K27T -0.305312791958 0.5313991036 0.0925657125373
K27H -0.249806982336 0.5313991036 0.0997292061236
A22Q -0.313903643806 0.245790378 0.0821646422936
A23K -0.157272631391 0.4897766323 0.156874554337
A22L -0.400587839398 0.245790378 0.0833522799337
K27C -0.165134078296 0.5313991036 0.136011629857
A33V -0.0958228781285 0.0 0.179217679009
K27V -0.170328453655 0.5313991036 0.170842983733
Y44C 0.172473636761 0.3123793538 0.2063859789
A33T -0.0843181486724 0.0 0.209920138601
K27L -0.192002142168 0.5313991036 0.195469891264
K27I -0.213435375447 0.5313991036 0.282397722657
A22T -0.308372189311 0.245790378 0.343586887779
T24E -0.246348248484 0.3784276645 0.352420656205
A22V -0.249893979026 0.245790378 0.253548398629
A22E -0.102037119399 0.245790378 0.265571384559
K30R -0.206862090356 0.3337028291 0.233724994328
K27G -0.302265083363 0.5313991036 0.0479200263027
N34S -0.19070092648 0.5872564695 0.0491325173817
N34G -0.237218347297 0.5872564695 0.0518145707761
A22H -0.291516817184 0.245790378 0.0713446417468
A22R -0.199446752834 0.245790378 0.0598451931335
N34C 0.0257419761415 0.5872564695 0.0508127897191
A22M -0.188840644933 0.245790378 0.0357012795532
A22K -0.216332333256 0.245790378 0.0635057216797
A22I -0.20884892545 0.245790378 0.0850998762974
