Mut Correlation SASA Fitness
E55R 0.480800497978 0.4523402436 0.266609671413
E55A 0.176252368738 0.4523402436 0.306289002326
E55S 0.252693924781 0.4523402436 0.356418682851
E55T 0.13522057976 0.4523402436 0.410370103752
T17E 0.323358169136 0.1738484398 0.261661619403
G37I 0.401946630075 0.7786914551 0.207036357585
L6N 0.644675562109 0.0319208041 0.2065981854
L6K 0.543521575369 0.0319208041 0.260597066051
Y32G 0.737179439293 0.3420478389 0.311216585435
Y32N 0.550819819811 0.3420478389 0.187432878908
Y32S 0.587821281707 0.3420478389 0.182436625154
Y32A 0.529204835127 0.3420478389 0.191459745106
Y32T 0.637570570999 0.3420478389 0.164829946012
E55K 0.423338805246 0.4523402436 0.257557648666
E55N 0.183397913405 0.4523402436 0.211940783315
V38T 0.359853992149 0.0485700197 0.212786706817
L4S 0.898633138809 0.0 0.43141368093
L4T 0.893413260051 0.0 0.58401895651
V53S 0.724971716176 0.0 0.427866064437
F29W 0.721107123901 0.0226163285 0.445368412977
L4G 0.807869321013 0.0 0.223285599775
L4N 0.900987181547 0.0 0.390518321645
L4Q 0.823641874177 0.0 0.201839854818
A25I 0.60793019972 0.0 0.149047521411
Y2T 0.790173080031 0.0130927402 0.150686135163
Y2Q 0.814024958129 0.0130927402 0.180962095834
F29N 0.808088182961 0.0226163285 0.1501768617
G40A 0.355646175051 0.3207007508 0.104063353753
Y32V 0.245096313806 0.3420478389 0.172227889722
L4H 0.849693733398 0.0 0.186974922898
V53G 0.793993207547 0.0 0.229416651417
A25M 0.67449621263 0.0 0.121932927127
V53N 0.586246828474 0.0 0.194265940506
G40F 0.268826059761 0.3207007508 0.0578434889023
Y32I 0.251890209388 0.3420478389 0.225654812921
V53H 0.530358918551 0.0 0.139676145584
F51L 0.611100862687 0.0225715437 0.211227145124
Y44M 0.510131193122 0.3123793538 0.277226560642
A19D 0.369169953023 0.0707044674 0.279827360817
Y44H 0.413740010224 0.3123793538 0.239588969358
Y44I 0.524272681784 0.3123793538 0.235418741267
Y2I 0.597362977522 0.0130927402 0.287660660761
Q31Y 0.0885737636431 0.6205529418 0.207729045906
Q31W 0.0252186840325 0.6205529418 0.243305937822
V28D -0.0140783954322 0.4000862919 0.256341669727
F29A 0.585768913613 0.0226163285 0.215368207129
Y2V 0.745514156648 0.0130927402 0.305298972397
Y2S 0.850985451328 0.0130927402 0.277402492593
A25P 0.638943532549 0.0 0.233492446719
F29I 0.440649927444 0.0226163285 0.200057717715
Y44V 0.335730537217 0.3123793538 0.136200135065
F51M 0.450776651049 0.0225715437 0.183839260984
V38C 0.0969325463 0.0485700197 0.209063138991
V28E -0.00555997462535 0.4000862919 0.285769439219
V38F 0.0817612328352 0.0485700197 0.325457182678
A19F 0.176050589683 0.0707044674 0.243100997433
Q31F 0.195148416166 0.6205529418 0.23259953822
L4I 0.547694408509 0.0 0.206023728927
T17D 0.631448623116 0.1738484398 0.276619718035
A19P 0.746142682616 0.0707044674 0.30613093549
F29S 0.798159622343 0.0226163285 0.351881641031
A19Y 0.547751662772 0.0707044674 0.312425371055
A19W 0.587927631923 0.0707044674 0.394923851716
A19E 0.0912579971117 0.0707044674 0.401258765453
A25V 0.53495334436 0.0 0.324487535638
A19L 0.700498658006 0.0707044674 0.399535014522
A25T 0.768072999786 0.0 0.440854543858
Y2A 0.886998032183 0.0130927402 0.578639713374
F29C 0.615889622672 0.0226163285 0.577935649128
Y2M 0.725216582779 0.0130927402 0.603748990742
A19I 0.513619549687 0.0707044674 0.33215695387
F29V 0.373838445468 0.0226163285 0.405059509803
A33G 0.314723172152 0.0 0.25344283486
Y44L 0.554038305627 0.3123793538 0.440129577965
D39P 0.0586355517839 0.7961639956 0.347089774005
