Mut Correlation SASA Fitness
L11W 0.179524006764 0.298903985 0.15954500483
G13K 0.227059204942 0.4111548087 0.128710289828
L11Y 0.262251383524 0.298903985 0.131851716075
G13L 0.242160328316 0.4111548087 0.139972590716
G13F 0.328005429723 0.4111548087 0.121817621308
G13D 0.0781988860653 0.4111548087 0.135313664144
G13Y 0.331403779794 0.4111548087 0.167542055429
E55I 0.213044374334 0.4523402436 0.13649590133
E55C 0.297789129946 0.4523402436 0.207085795278
N36W 0.130078786885 0.4146384793 0.157475615093
G8L 0.196682147913 0.039208676 0.195861967709
G8M 0.232998513567 0.039208676 0.147630570708
G8V 0.252149400957 0.039208676 0.156243889776
G8I 0.295126042256 0.039208676 0.138115344316
G13V 0.242617964161 0.4111548087 0.23901770121
G13I 0.247480469322 0.4111548087 0.211894100946
T10M 0.236057555725 0.9145616642 0.237597306883
E55F 0.353369756059 0.4523402436 0.207264906892
E55W 0.00152991802684 0.4523402436 0.300822960937
E55L 0.401650588438 0.4523402436 0.13719146757
E55P 0.454464677393 0.4523402436 0.141615490367
G8N 0.444728288774 0.039208676 0.121401941156
E55M 0.385537463937 0.4523402436 0.171651101848
G8Q 0.49741727645 0.039208676 0.127746094702
G8K 0.377937320055 0.039208676 0.122561592486
L6R 0.63787544182 0.0319208041 0.117823437322
G8D 0.523065082416 0.039208676 0.132815351902
L11P 0.297959868338 0.298903985 0.10468743535
G13P 0.349769212148 0.4111548087 0.0860342875533
G8E 0.600936604615 0.039208676 0.113100368894
L6E 0.694578605903 0.0319208041 0.13420795463
E55G 0.0627988952205 0.4523402436 0.231199762171
E55D 0.175143551324 0.4523402436 0.17087430409
E55H 0.093420943086 0.4523402436 0.244000331961
E55Y 0.154805233646 0.4523402436 0.189820815851
V53L -0.198731799623 0.0 0.328367537388
E55Q 0.123365672468 0.4523402436 0.407220851927
Y32E 0.444002939491 0.3420478389 0.044859497936
V38Y -0.0338170926519 0.0485700197 0.0621591062159
L4Y 0.684907489025 0.0 0.0826202176839
G13M 0.222332440262 0.4111548087 0.0795653996923
L6H 0.499943425059 0.0319208041 0.0543243492099
N36E 0.20433253541 0.4146384793 0.149836423911
N36Y 0.107902025458 0.4146384793 0.0989012228149
L6Y 0.447970752632 0.0319208041 0.122160035219
N36D 0.308166998672 0.4146384793 0.0636100403303
N36F -0.114152312914 0.4146384793 0.0572770497498
L6W 0.272210594293 0.0319208041 0.058858418955
K12P 0.260059029925 0.6038363295 0.178093209551
L11E 0.428371187209 0.298903985 0.162317681834
L11D 0.431447425731 0.298903985 0.133132737871
L11S 0.332681689051 0.298903985 0.179750948802
L11N 0.171940156486 0.298903985 0.142335499516
L11A 0.348679188885 0.298903985 0.18089260447
L11G 0.213617504507 0.298903985 0.178965348321
E55V 0.241502588784 0.4523402436 0.248013878523
L6Q 0.498755775327 0.0319208041 0.180971784602
T15D 0.408940513175 0.3406051601 0.220822978493
Y32R 0.616610833297 0.3420478389 0.302735872188
Y32K 0.397940077973 0.3420478389 0.326967270014
Y32Q 0.457183038434 0.3420478389 0.249457009895
G8P 0.609089585316 0.039208676 0.237942386258
T10P 0.472355231592 0.9145616642 0.180834098687
E14P 0.423299735698 0.5497435349 0.213021565604
G8Y 0.40945052503 0.039208676 0.250731937625
L11R 0.360441303784 0.298903985 0.196053494074
L11T 0.370060289318 0.298903985 0.227520748959
L11K 0.37347690084 0.298903985 0.19653507943
G13N 0.183549385682 0.4111548087 0.214853923051
L11M 0.295557808675 0.298903985 0.278583343982
G13Q 0.282967400959 0.4111548087 0.201412575453
L11H 0.324080724171 0.298903985 0.181672991991
G13A 0.232712764186 0.4111548087 0.221812737043
L11Q 0.433752089517 0.298903985 0.212073734407
T10G 0.300075808149 0.9145616642 0.279402150143
G13E 0.278661689249 0.4111548087 0.245575698221
G13H 0.140275543414 0.4111548087 0.207445271872
G13T 0.170090611296 0.4111548087 0.241192894709
G13S 0.162847821318 0.4111548087 0.207282605449
G8H 0.303391231547 0.039208676 0.207060826543
G8W 0.222468834536 0.039208676 0.269656364918
Y32C 0.473461901854 0.3420478389 0.306993555623
N36R 0.123708363164 0.4146384793 0.192037143986
N36K 0.0368327951062 0.4146384793 0.208694230353
G13R 0.27347124616 0.4111548087 0.16645417207
N36M 0.190526661831 0.4146384793 0.210296051753
N36L 0.0688382428271 0.4146384793 0.306295461202
L11C 0.322283869307 0.298903985 0.299435629552
T10N 0.197184133108 0.9145616642 0.403236588572
N36Q 0.146043570382 0.4146384793 0.280265062337
G13C 0.219874205149 0.4111548087 0.223278926912
G13W 0.252835592452 0.4111548087 0.273201980435
L6M 0.120705485575 0.0319208041 0.412952790579
L11F 0.234397886797 0.298903985 0.376631081178
G8F 0.269887653375 0.039208676 0.258662138066
G8T 0.0714514301212 0.039208676 0.305999619897
N36V 0.0697510256877 0.4146384793 0.27490143716
N36A -0.103378469969 0.4146384793 0.224428286014
N36I 0.266764744667 0.4146384793 0.37133542843
L11I 0.192632218286 0.298903985 0.449356743609
L11V 0.343083805317 0.298903985 0.332154192665
T10D 0.217233565714 0.9145616642 0.329469045037
T10E 0.222793547378 0.9145616642 0.307619913998
T10K 0.248112172829 0.9145616642 0.385197482318
T10V 0.336176014093 0.9145616642 0.390986763648
T10I 0.24174181627 0.9145616642 0.356930434025
T10Q 0.281826269576 0.9145616642 0.370177696672
T10H 0.290420581666 0.9145616642 0.379433374172
T10L 0.274441303895 0.9145616642 0.36423435587
T10A 0.188802292447 0.9145616642 0.348773531744
T10F 0.27907814328 0.9145616642 0.387013814195
T10Y 0.372170842598 0.9145616642 0.414884908897
T10W 0.302534446487 0.9145616642 0.402391235679
T10R 0.277767985744 0.9145616642 0.411714553731
T15A 0.13764867426 0.3406051601 0.441244913784
T15C 0.202516222282 0.3406051601 0.540357122459
T15M 0.216397112468 0.3406051601 0.540214430854
T15F 0.181464211359 0.3406051601 0.391469029735
T15W 0.0439051302849 0.3406051601 0.303427514796
N36H 0.0750442220257 0.4146384793 0.344631968468
T15Y -0.00676187450419 0.3406051601 0.389938485227
T10C 0.300737489193 0.9145616642 0.399761120124
Y32H 0.313275052473 0.3420478389 0.371669816029
T16D 0.278492604118 0.5683506686 0.437094900052
G37R 0.125001944702 0.7786914551 0.422913129418
K9P 0.263361404787 0.7870740759 0.398911797542
T15N 0.181269620791 0.3406051601 0.452100897697
T15S 0.238632968121 0.3406051601 0.563917239886
G37K 0.188964065639 0.7786914551 0.424384161803
G37H 0.222235478663 0.7786914551 0.459494277407
G37C 0.207589818236 0.7786914551 0.543640823235
G8S 0.148664430353 0.039208676 0.410687683468
G37N 0.178024276313 0.7786914551 0.498372452841
G37E 0.251298328914 0.7786914551 0.451575040628
G37M 0.284035726302 0.7786914551 0.460999909516
G37Q 0.0552005629581 0.7786914551 0.454577819369
G37S 0.224994788761 0.7786914551 0.594102169985
T15G 0.346758365486 0.3406051601 0.465953004472
T15E 0.159036275485 0.3406051601 0.4601806735
Y32M 0.127038712991 0.3420478389 0.479108158936
N36S -0.0610817521134 0.4146384793 0.595531303118
E14D 0.358591178064 0.5497435349 0.612252679168
G37D 0.238145691154 0.7786914551 0.563896984491
T16E 0.337223945876 0.5683506686 0.716162897807
T16P 0.718417001462 0.5683506686 0.35083335102
L6G 0.602445708067 0.0319208041 0.267324656102
F29Y 0.714518268887 0.0226163285 0.41849740691
G8R 0.364681750188 0.039208676 0.244766830133
T15P 0.455545234771 0.3406051601 0.422614047846
K12D 0.318223934597 0.6038363295 0.553788496824
G37T 0.392398029598 0.7786914551 0.471242671474
G37V 0.444353878231 0.7786914551 0.411625281937
N36G 0.311660286263 0.4146384793 0.37934605273
E14G 0.393068728364 0.5497435349 0.505162125671
V53M 0.202187837112 0.0 0.505444862885
N36T 0.169716973694 0.4146384793 0.457821915325
