k	0 to 0.8	0 to 1	0.2 to 0.8	0.2 to 1	0.4 to 0.8	0.4 to 1
1	0.5699813237	0.6171507928	0.4940954827	0.463375489	0.4600008782	0.4684332545
2	0.1816812988	0.2567170696	0.4073719295	0.4230543815	0.3738558463	0.4454889609
3	0.1766951521	0.1832135844	0.6988235977	0.4282956951	0.7600206532	0.5484594432
4	0.6943428791	0.3939926467	0.6772053503	0.6961500468	0.7476197495	0.7275241375
5	0.7591280799	0.755023453	0.6991599076	0.7109434827	0.7793024474	0.7592097099
6	0.7859867652	0.7422325694	0.7982570541	0.6831680304	0.8015768051	0.7841467561
7	0.7972687258	0.8215829658	0.7641952193	0.7984090526	0.7793024474	0.8040585125
8	0.7962358486	0.8264995926	0.8048983391	0.7989599355	0.7793024474	0.7793024474
9	0.7954736062	0.7966553787	0.8216570348	0.8190504707	0.8368137946	0.7793024474
10	0.7921288882	0.8228702586	0.8596813235	0.8211743121	0.9063764469	0.7793024474
11	0.8251883583	0.7915831871	0.8277640591	0.8341108805	0.8365187578	0.7793024474
12	0.8276459526	0.7868173107	0.8616441628	0.8682863192	0.8506867612	0.8365187578
13	0.8123562453	0.813084018	0.8230317686	0.8665566851	0.9063764469	0.9070755938
14	0.8531255873	0.8114189055	0.7464049231	0.8612939654	0.9136660513	0.9136660513
15	0.826417921	0.8560850538	0.7464049231	0.8779359008	0.9136660513	0.8365187578
16	0.8586706932	0.8481885139	0.7464049231	0.7767218042	0.9136660513	0.8506867612
17	0.8548102213	0.847818538	0.8905604578	0.8053638088	0.8506867612	0.9070755938
18	0.8489726887	0.8425321041	0.8444599607	0.8460387346	0.9136660513	0.9148740958
19	0.8576713173	0.8626433914	0.8696792704	0.805203433	0.9136131087	0.8506867612
20	0.8260811129	0.8438437609	0.8387216031	0.7464049231	0.9136131087	0.9070755938
21	0.8312619314	0.8258433289	0.8807502594	0.8908798871	0.9136660513	0.9063764469
22	0.8351032837	0.8469537224	0.8728591704	0.8807502594	0.9063764469	0.9063764469
23	0.8260811129	0.8516376719	0.8349532581	0.7464049231	0.9136660513	0.9136660513
24	0.8120695824	0.8423461185	0.8730214097	0.8807502594	0.9063764469	0.9071735657
25	0.8378678803	0.8591452555	0.8387216031	0.7464049231	0.895736562	0.9136660513
26	0.8033860478	0.8412978074	0.8905604578	0.8905604578	0.9136660513	0.9136660513
27	0.8397228468	0.8033860478	0.8982376293	0.8948605525	0.8986504435	0.9136660513
28	0.8148058113	0.8260811129	0.8863784597	0.8152120829	0.8506867612	0.9136660513
29	0.8169804831	0.8205479461	0.8872766562	0.886570012	0.9063764469	0.9136660513
30	0.8032039428	0.8033860478	0.8982376293	0.8589182134	0.9070755938	0.9071735657
31	0.8120695824	0.8032039428	0.8349532581	0.8741299892	0.8506867612	0.9071735657
32	0.8033860478	0.8033860478	0.8349532581	0.8905604578	0.8506867612	0.9136660513
33	0.8172700458	0.8169804831	0.8349532581	0.8756318475	0.8506867612	0.9136660513
34	0.7940546785	0.8032039428	0.8349532581	0.8616895634	0.8506867612	0.8823521322
35	0.8033860478	0.8172700458	0.8349532581	0.8349532581	0.895736562	0.9071735657
36	0.8032039428	0.8120695824	0.8349532581	0.8905604578	0.8996713962	0.8823521322
37	0.8032039428	0.8033860478	0.8349532581	0.8590336041	0.9063764469	0.8823521322
38	0.8038865011	0.8032039428	0.8349532581	0.8664950312	0.8506867612	0.9071735657
39	0.8033860478	0.8120695824	0.8349532581	0.8905604578	0.895736562	0.9071735657
40	0.8033860478	0.7895777981	0.8349532581	0.8349532581	0.9063764469	0.9071735657
41	0.8120695824	0.7470768917	0.8664950312	0.8664950312	0.9136660513	0.9071735657
42	0.8038865011	0.8033860478	0.8349532581	0.8597801174	0.9070755938	0.9136660513
43	0.8032039428	0.8120695824	0.8477800501	0.8477800501	0.895736562	0.9071735657
44	0.8033860478	0.8032039428	0.8664950312	0.8741299892	0.8506867612	0.9136660513
45	0.8120695824	0.8032039428	0.8349532581	0.8349532581	0.9136660513	0.9136660513
46	0.8033860478	0.8120695824	0.8863784597	0.8597801174	0.8506867612	0.9136660513
47	0.8032039428	0.8033860478	0.8664950312	0.8597801174	0.8506867612	0.8823521322
48	0.8033860478	0.8033860478	0.8349532581	0.8925977249	0.8506867612	0.9071735657
49	0.8032039428	0.8032039428	0.8349532581	0.8349532581	0.9063764469	0.9071735657
50	0.8120695824	0.8033860478	0.8863784597	0.8349532581	0.8996713962	0.9071735657
