k	0 to 0.8	0 to 1	0.2 to 0.8	0.2 to 1	0.4 to 0.8	0.4 to 1
1	0.5699813237	0.6171507928	0.4940954827	0.463375489	0.4600008782	0.4684332545
2	0.1816812988	0.262703878	0.4073719295	0.4947065672	0.3572838253	0.4454889609
3	0.4164305141	0.1832135844	0.3846991442	0.4282956951	0.7450229406	0.5484594432
4	0.4135121564	0.4134429482	0.6772053503	0.7041490528	0.7738837911	0.7258404413
5	0.7187562332	0.755023453	0.6923970364	0.6505000532	0.7561683864	0.6175730972
6	0.7557151576	0.7449157613	0.693428909	0.6919721773	0.7628855951	0.7726318991
7	0.7524280513	0.746848227	0.8029539254	0.7132674707	0.7896793871	0.7793024474
8	0.8214769981	0.749338427	0.6281498586	0.7286608774	0.8460387346	0.7793024474
9	0.7505182807	0.7144254232	0.6408317433	0.6947745225	0.8514506724	0.7793024474
10	0.8222690641	0.7332285194	0.8328731642	0.6773031627	0.7878491272	0.7793024474
11	0.8222690641	0.813898478	0.8419357371	0.6373615009	0.6313614222	0.7793024474
12	0.7242747999	0.8162184543	0.8602166929	0.6396226202	0.6313614222	0.7793024474
13	0.8100196114	0.8080565954	0.7959001635	0.8599250038	0.6313614222	0.7878491272
14	0.8130820799	0.798833495	0.8460387346	0.7610134578	0.6313614222	0.630904026
15	0.7671791523	0.7829651109	0.8306171694	0.7548186164	0.6313614222	0.7059199642
16	0.6991584753	0.6583683049	0.7008963023	0.7556952267	0.6313614222	0.8937681698
17	0.6848045964	0.7115850583	0.8460387346	0.8460387346	0.6313614222	0.7878491272
18	0.6273583509	0.7646061235	0.775307901	0.7682011396	0.6313614222	0.7878491272
19	0.691866504	0.7143868279	0.5853887259	0.7011068295	0.6313614222	0.6313614222
20	0.6848045964	0.7301814757	0.5517523819	0.7345267337	0.6313614222	0.6313614222
21	0.6542306023	0.6590426095	0.5780145815	0.8460387346	0.6313614222	0.6313614222
22	0.691866504	0.691866504	0.864882961	0.8460387346	0.6313614222	0.6313614222
23	0.5199446563	0.691866504	0.8460387346	0.6997458345	0.6313614222	0.6313614222
24	0.6057745194	0.6743067395	0.8460387346	0.8460387346	0.6313614222	0.6313614222
25	0.7073396548	0.691866504	0.650464556	0.650464556	0.6313614222	0.6313614222
26	0.5043951539	0.4627640554	0.6365453049	0.650464556	0.6313614222	0.6313614222
27	0.7384941752	0.6743067395	0.6619016549	0.6863208384	0.6313614222	0.6313614222
28	0.6743067395	0.4926948226	0.8460387346	0.5517523819	0.6313614222	0.6313614222
29	0.5038476626	0.5199446563	0.6313614222	0.6064073104	0.6313614222	0.6313614222
30	0.4627640554	0.6743067395	0.5846224237	0.650464556	0.6313614222	0.6313614222
31	0.4926948226	0.5314383049	0.650908701	0.6619016549	0.6313614222	0.6313614222
32	0.7014841849	-0.0988478087	0.6313614222	0.6313614222	0.6313614222	0.6313614222
33	0.4652774714	0.4627640554	0.6313614222	0.6313614222	0.6313614222	0.6313614222
34	0.5246124904	0.5752230804	0.6313614222	0.6313614222	0.6313614222	0.6313614222
35	0.7498022027	0.4627640554	0.6313614222	0.6313614222	0.6313614222	0.6313614222
36	-0.006292284	0.7498022027	0.6313614222	0.6619016549	0.6313614222	0.6313614222
37	0.499253442	0.7498022027	0.6313614222	0.6619016549	0.6313614222	0.6313614222
38	-0.0365475955	-0.0388162557	0.650908701	0.7106704623	0.6313614222	0.6313614222
39	0.5043951539	-0.0388162557	0.6313614222	0.650908701	0.6313614222	0.6313614222
40	0.0233741567	0.0025058649	0.650908701	0.6313614222	0.6313614222	0.6313614222
41	-0.0224862467	0.4627640554	0.6313614222	0.6313614222	0.6313614222	0.6313614222
42	-0.0103415203	0.4627640554	0.6313614222	0.650908701	0.6313614222	0.6313614222
43	-0.0709346246	-0.026073163	0.6313614222	0.6619016549	0.6313614222	0.6313614222
44	0.0074900982	-0.0365475955	0.6508762606	0.6619016549	0.6313614222	0.6313614222
45	-0.1104474048	-0.0224862467	0.6313614222	0.6313614222	0.6313614222	0.6313614222
46	-0.0346514828	0.066281374	0.650908701	0.6049911501	0.6313614222	0.6313614222
47	-0.0170916661	-0.0065036057	0.6313614222	0.6619016549	0.6313614222	0.6313614222
48	-0.0543835533	0.0093030099	0.650908701	0.6619016549	0.6313614222	0.6313614222
49	-0.0442226026	-0.028277164	0.6313614222	0.6313614222	0.6313614222	0.6313614222
50	0.066281374	-0.0365475955	0.6508762606	0.6619016549	0.6313614222	0.6313614222
