Mut	Correlation	SASA	Fitness
A19C 0.28475130031 0.0707044674 0.891299783682
A19D 0.369169953023 0.0707044674 0.279827360817
A19E 0.0912579971117 0.0707044674 0.401258765453
A19F 0.176050589683 0.0707044674 0.243100997433
A19G 0.271718977219 0.0707044674 0.921196693428
A19H 0.157350496071 0.0707044674 0.595414315931
A19I 0.513619549687 0.0707044674 0.33215695387
A19L 0.700498658006 0.0707044674 0.399535014522
A19M 0.565110322146 0.0707044674 0.537362711657
A19N 0.274703443962 0.0707044674 0.788199322727
A19P 0.746142682616 0.0707044674 0.30613093549
A19Q -0.0332680063977 0.0707044674 0.888087778236
A19W 0.587927631923 0.0707044674 0.394923851716
A19Y 0.547751662772 0.0707044674 0.312425371055
A22C -0.163966817047 0.245790378 0.3448360209
A22D -0.0487787722459 0.245790378 0.405930315041
A22E -0.102037119399 0.245790378 0.265571384559
A22F -0.139180067989 0.245790378 0.0082807709899
A22G -0.0871461434299 0.245790378 0.5138948253
A22H -0.291516817184 0.245790378 0.0713446417468
A22I -0.20884892545 0.245790378 0.0850998762974
A22K -0.216332333256 0.245790378 0.0635057216797
A22L -0.400587839398 0.245790378 0.0833522799337
A22M -0.188840644933 0.245790378 0.0357012795532
A22N -0.0714431837115 0.245790378 0.556746796259
A22Q -0.313903643806 0.245790378 0.0821646422936
A22R -0.199446752834 0.245790378 0.0598451931335
A22S -0.0149873334644 0.245790378 0.854765849634
A22T -0.308372189311 0.245790378 0.343586887779
A22V -0.249893979026 0.245790378 0.253548398629
A22W -0.192839759362 0.245790378 0.00584670683074
A22Y -0.100569490113 0.245790378 0.00679184581975
A23K -0.157272631391 0.4897766323 0.156874554337
A23R -0.062338348638 0.4897766323 0.474441311185
A25C 0.70981866249 0.0 0.736224106863
A25D 0.0236182094383 0.0 0.00591586694392
A25E 0.134748870035 0.0 0.0073954254901
A25F 0.173104888504 0.0 0.00747432305919
A25H 0.300619562963 0.0 0.00651811595763
A25I 0.60793019972 0.0 0.149047521411
A25K 0.0581627741008 0.0 0.00529492087464
A25L 0.149281463165 0.0 0.0100929157215
A25M 0.67449621263 0.0 0.121932927127
A25N 0.282139206373 0.0 0.0142014571077
A25P 0.638943532549 0.0 0.233492446719
A25Q 0.640961042317 0.0 0.0630129158275
A25R 0.170793935479 0.0 0.00916045778922
A25T 0.768072999786 0.0 0.440854543858
A25V 0.53495334436 0.0 0.324487535638
A25W 0.544027042231 0.0 0.0248805463734
A25Y 0.299446653934 0.0 0.00811347391936
A33D -0.0127187981459 0.0 0.00420274386349
A33E -0.0034358496497 0.0 0.00403991501153
A33F 0.151663956668 0.0 0.0125658719455
A33G 0.314723172152 0.0 0.25344283486
A33H 0.0754747144846 0.0 0.00507272330222
A33I -0.0446038025733 0.0 0.0523386434506
A33K 0.00652304431978 0.0 0.00354916255812
A33L -0.180316986156 0.0 0.0416030866815
A33M 0.201319541856 0.0 0.768743984544
A33N 0.197083442094 0.0 0.00631116611008
A33P 0.0224844339644 0.0 0.00391161771035
A33Q 0.0573308738648 0.0 0.00512639137033
A33R -0.077502564855 0.0 0.0115857485232
A33S 0.383008321665 0.0 0.790788628648
A33T -0.0843181486724 0.0 0.209920138601
A33V -0.0958228781285 0.0 0.179217679009
A33W -0.022074164443 0.0 0.00888718451161
A33Y 0.204624517405 0.0 0.0184591996663
D35F 0.33263687876 0.7315440561 0.8992903231
D35P 0.243081229227 0.7315440561 0.0141091443688
D35W 0.345669299504 0.7315440561 0.877280030013
D39E -0.0875265580974 0.7961639956 0.743027120111
D39G -0.0688916491338 0.7961639956 0.745698422396
D39K 0.063179508599 0.7961639956 0.982052659333
D39L 0.18152407996 0.7961639956 0.783050765667
D39M 0.140353408553 0.7961639956 0.943771187565
D39P 0.0586355517839 0.7961639956 0.347089774005
D39Q 0.0829009084071 0.7961639956 0.961347083269
D45P 0.419479485492 0.4421703031 0.0333436499254
D45Y 0.274149123647 0.4421703031 0.983743138518
E14A 0.290380586705 0.5497435349 0.896248555924
E14D 0.358591178064 0.5497435349 0.612252679168
E14G 0.393068728364 0.5497435349 0.505162125671
E14L 0.315326713472 0.5497435349 0.967502685831
E14M 0.486098576214 0.5497435349 0.835100569698
E14N 0.503973402909 0.5497435349 0.817805685594
E14P 0.423299735698 0.5497435349 0.213021565604
E26A -0.0551293552156 0.2788523189 0.002307219072
E26C 0.102337952101 0.2788523189 0.00514089208942
E26D 0.127805103022 0.2788523189 0.00348044195229
E26F -0.0731728741504 0.2788523189 0.00216201211287
E26G -0.0714518920472 0.2788523189 0.00308926896711
E26H -0.00148338789403 0.2788523189 0.0028048163484
E26I -0.043191948175 0.2788523189 0.00305079186104
E26K 0.00235389399366 0.2788523189 0.0024623130668
E26L -0.0125356629185 0.2788523189 0.00248579326454
E26M 0.128662183957 0.2788523189 0.00243043251993
E26N 0.0217376359351 0.2788523189 0.00284046607818
E26P -0.0231128112732 0.2788523189 0.00352857703501
E26Q 0.112695664409 0.2788523189 0.00246147901852
E26R -0.021132948 0.2788523189 0.00234046638637
E26S -0.0202985259144 0.2788523189 0.00241368723413
E26T -0.112641626487 0.2788523189 0.00294732108147
E26V -0.118469273272 0.2788523189 0.00281808338294
E26W 0.0694188155573 0.2788523189 0.00238844610709
E26Y -0.11493836135 0.2788523189 0.00290493961217
E41P 0.361374247862 0.7673113913 0.687130882961
E55A 0.176252368738 0.4523402436 0.306289002326
E55C 0.297789129946 0.4523402436 0.207085795278
E55D 0.175143551324 0.4523402436 0.17087430409
E55F 0.353369756059 0.4523402436 0.207264906892
E55G 0.0627988952205 0.4523402436 0.231199762171
E55H 0.093420943086 0.4523402436 0.244000331961
E55I 0.213044374334 0.4523402436 0.13649590133
E55K 0.423338805246 0.4523402436 0.257557648666
E55L 0.401650588438 0.4523402436 0.13719146757
E55M 0.385537463937 0.4523402436 0.171651101848
E55N 0.183397913405 0.4523402436 0.211940783315
E55P 0.454464677393 0.4523402436 0.141615490367
E55Q 0.123365672468 0.4523402436 0.407220851927
E55R 0.480800497978 0.4523402436 0.266609671413
E55S 0.252693924781 0.4523402436 0.356418682851
E55T 0.13522057976 0.4523402436 0.410370103752
E55V 0.241502588784 0.4523402436 0.248013878523
E55W 0.00152991802684 0.4523402436 0.300822960937
E55Y 0.154805233646 0.4523402436 0.189820815851
F29A 0.585768913613 0.0226163285 0.215368207129
F29C 0.615889622672 0.0226163285 0.577935649128
F29D -0.00306182924885 0.0226163285 0.00413741964599
F29E 0.100173359764 0.0226163285 0.00472169360288
F29G 0.668206157854 0.0226163285 0.0478290321604
F29H 0.711182087308 0.0226163285 0.833877959374
F29I 0.440649927444 0.0226163285 0.200057717715
F29K 0.739598438359 0.0226163285 0.0685468361566
F29L 0.0776042915659 0.0226163285 0.786225524752
F29M 0.512973509203 0.0226163285 0.655110599719
F29N 0.808088182961 0.0226163285 0.1501768617
F29P 0.0691339987154 0.0226163285 0.00587118609763
F29Q 0.708051177903 0.0226163285 0.0791941019443
F29R 0.163543135153 0.0226163285 0.00498521383648
F29S 0.798159622343 0.0226163285 0.351881641031
F29T 0.62094935456 0.0226163285 0.091582954283
F29V 0.373838445468 0.0226163285 0.405059509803
F29W 0.721107123901 0.0226163285 0.445368412977
F29Y 0.714518268887 0.0226163285 0.41849740691
F51A 0.358744198718 0.0225715437 0.0175762765828
F51C 0.0492919096523 0.0225715437 0.0223002161747
F51D 0.00453498000462 0.0225715437 0.00366900232386
F51E -0.156201953557 0.0225715437 0.00399162123364
F51G -0.0446699095601 0.0225715437 0.00492226533241
F51H 0.272247942403 0.0225715437 0.0222283897875
F51I 0.538687648132 0.0225715437 0.0598380284677
F51K -0.0331869488835 0.0225715437 0.00389499878765
F51L 0.611100862687 0.0225715437 0.211227145124
F51M 0.450776651049 0.0225715437 0.183839260984
F51N -0.0591150076209 0.0225715437 0.00415168145634
F51P -0.0048850336168 0.0225715437 0.00406133922905
F51Q 0.00291594467204 0.0225715437 0.00447447170709
F51R 0.053401516716 0.0225715437 0.00403371193727
F51S 0.105085169077 0.0225715437 0.00616105565338
F51T 0.33279829478 0.0225715437 0.00720818107043
F51V 0.493953981763 0.0225715437 0.0324359702447
F51W -0.212029690005 0.0225715437 0.00717549293859
F51Y -0.19113279446 0.0225715437 0.105269981105
G13A 0.232712764186 0.4111548087 0.221812737043
G13C 0.219874205149 0.4111548087 0.223278926912
G13D 0.0781988860653 0.4111548087 0.135313664144
G13E 0.278661689249 0.4111548087 0.245575698221
G13F 0.328005429723 0.4111548087 0.121817621308
G13H 0.140275543414 0.4111548087 0.207445271872
G13I 0.247480469322 0.4111548087 0.211894100946
G13K 0.227059204942 0.4111548087 0.128710289828
G13L 0.242160328316 0.4111548087 0.139972590716
G13M 0.222332440262 0.4111548087 0.0795653996923
G13N 0.183549385682 0.4111548087 0.214853923051
G13P 0.349769212148 0.4111548087 0.0860342875533
G13Q 0.282967400959 0.4111548087 0.201412575453
G13R 0.27347124616 0.4111548087 0.16645417207
G13S 0.162847821318 0.4111548087 0.207282605449
G13T 0.170090611296 0.4111548087 0.241192894709
G13V 0.242617964161 0.4111548087 0.23901770121
G13W 0.252835592452 0.4111548087 0.273201980435
G13Y 0.331403779794 0.4111548087 0.167542055429
G37A 0.0168890828339 0.7786914551 0.99665400161
G37C 0.207589818236 0.7786914551 0.543640823235
G37D 0.238145691154 0.7786914551 0.563896984491
G37E 0.251298328914 0.7786914551 0.451575040628
G37F 0.22734186525 0.7786914551 0.566474760851
G37H 0.222235478663 0.7786914551 0.459494277407
G37I 0.401946630075 0.7786914551 0.207036357585
G37K 0.188964065639 0.7786914551 0.424384161803
G37L 0.229286782238 0.7786914551 0.619963120518
G37M 0.284035726302 0.7786914551 0.460999909516
G37N 0.178024276313 0.7786914551 0.498372452841
G37P 0.35894485355 0.7786914551 0.00687743879054
G37Q 0.0552005629581 0.7786914551 0.454577819369
G37R 0.125001944702 0.7786914551 0.422913129418
G37S 0.224994788761 0.7786914551 0.594102169985
G37T 0.392398029598 0.7786914551 0.471242671474
G37V 0.444353878231 0.7786914551 0.411625281937
G37W 0.468411523664 0.7786914551 0.618593328863
G37Y 0.432841173539 0.7786914551 0.634732101975
G40A 0.355646175051 0.3207007508 0.104063353753
G40C 0.2625881428 0.3207007508 0.0523980904999
G40D 0.0918398842151 0.3207007508 0.00513842233378
G40E 0.0817278038862 0.3207007508 0.00555335922354
G40F 0.268826059761 0.3207007508 0.0578434889023
G40H 0.0385149880916 0.3207007508 0.003751690334
G40I 0.0882185207315 0.3207007508 0.0029551346331
G40K -0.11791150554 0.3207007508 0.00351726717199
G40L 0.00425411614503 0.3207007508 0.00843206116652
G40M 0.0195814346281 0.3207007508 0.0113148721001
G40N -0.0520838563892 0.3207007508 0.00495927060086
G40P 0.0342510373636 0.3207007508 0.00423302047681
G40Q 0.012264239452 0.3207007508 0.00360701430472
G40R 0.0325295470356 0.3207007508 0.00375637483212
G40S -0.170416618963 0.3207007508 0.0119828606289
G40T -0.0932592708754 0.3207007508 0.00354459244892
G40V 0.250850562278 0.3207007508 0.013799001029
G40W -0.0782849215995 0.3207007508 0.00649121212911
G40Y 0.200882296039 0.3207007508 0.0118362913539
G8A 0.293496394674 0.039208676 0.797744995284
G8C 0.27474787709 0.039208676 0.633685320869
G8D 0.523065082416 0.039208676 0.132815351902
G8E 0.600936604615 0.039208676 0.113100368894
G8F 0.269887653375 0.039208676 0.258662138066
G8H 0.303391231547 0.039208676 0.207060826543
G8I 0.295126042256 0.039208676 0.138115344316
G8K 0.377937320055 0.039208676 0.122561592486
G8L 0.196682147913 0.039208676 0.195861967709
G8M 0.232998513567 0.039208676 0.147630570708
G8N 0.444728288774 0.039208676 0.121401941156
G8P 0.609089585316 0.039208676 0.237942386258
G8Q 0.49741727645 0.039208676 0.127746094702
G8R 0.364681750188 0.039208676 0.244766830133
G8S 0.148664430353 0.039208676 0.410687683468
G8T 0.0714514301212 0.039208676 0.305999619897
G8V 0.252149400957 0.039208676 0.156243889776
G8W 0.222468834536 0.039208676 0.269656364918
G8Y 0.40945052503 0.039208676 0.250731937625
I5A 0.250512805813 0.3377730982 0.73436927385
I5C 0.214183003983 0.3377730982 0.864050213224
I5D 0.544477647242 0.3377730982 0.687812068692
I5M 0.20435897836 0.3377730982 0.830597777054
I5N -0.0463102846687 0.3377730982 0.832946944868
I5P 0.0420198063259 0.3377730982 0.00410908871555
I5S 0.375045975914 0.3377730982 0.769421300311
K12A 0.112794843401 0.6038363295 0.985705863356
K12D 0.318223934597 0.6038363295 0.553788496824
K12E 0.402775332961 0.6038363295 0.835052524499
K12F 0.256092193053 0.6038363295 0.823122057925
K12G 0.162213879602 0.6038363295 0.751024072327
K12H 0.364346229282 0.6038363295 0.778178014447
K12I 0.225007327625 0.6038363295 0.887803537281
K12L 0.377742035925 0.6038363295 0.634435481708
K12M 0.0541322395613 0.6038363295 0.885171143594
K12P 0.260059029925 0.6038363295 0.178093209551
K12Q -0.0425429179564 0.6038363295 0.934332415726
K12Y 0.117336268916 0.6038363295 0.615984048813
K27A -0.158639353787 0.5313991036 0.0500928225941
K27C -0.165134078296 0.5313991036 0.136011629857
K27D -0.0246340460559 0.5313991036 0.00501938024488
K27E 0.0830137226149 0.5313991036 0.0052177533294
K27F -0.278115004005 0.5313991036 0.138812905345
K27G -0.302265083363 0.5313991036 0.0479200263027
K27H -0.249806982336 0.5313991036 0.0997292061236
K27I -0.213435375447 0.5313991036 0.282397722657
K27L -0.192002142168 0.5313991036 0.195469891264
K27M -0.205754420098 0.5313991036 0.129140920759
K27N -0.0940617910412 0.5313991036 0.0429328226055
K27P 0.0106112120889 0.5313991036 0.0734043376248
K27Q -0.240557475586 0.5313991036 0.0525686958623
K27R -0.174288359642 0.5313991036 0.427459028683
K27S -0.242787090897 0.5313991036 0.0403744892996
K27T -0.305312791958 0.5313991036 0.0925657125373
K27V -0.170328453655 0.5313991036 0.170842983733
K27W -0.142518528934 0.5313991036 0.0398189940817
K27Y -0.147098787944 0.5313991036 0.0444018285991
K30A -0.0124820508562 0.3337028291 0.00319778385422
K30C -0.0671562614278 0.3337028291 0.00652503323033
K30D 0.0582873605515 0.3337028291 0.00278013009099
K30E 0.0818237544415 0.3337028291 0.0028095273874
K30F 0.0941053628384 0.3337028291 0.00304691310497
K30G -0.0317089488551 0.3337028291 0.00288830383181
K30H -0.0167113552865 0.3337028291 0.00212667011705
K30I -0.0279819275483 0.3337028291 0.00373401138847
K30L -0.214089468128 0.3337028291 0.00605252768894
K30M -0.116497924569 0.3337028291 0.0108282121727
K30N 0.0487374870554 0.3337028291 0.00354620640073
K30P -0.0036867221949 0.3337028291 0.003629096827
K30Q -0.0392576218559 0.3337028291 0.0035553622233
K30R -0.206862090356 0.3337028291 0.233724994328
K30S -0.00605085436799 0.3337028291 0.00274036824852
K30T -0.0184590417658 0.3337028291 0.00233602171962
K30V 0.0333999205775 0.3337028291 0.00283024721765
K30W -0.174988680315 0.3337028291 0.00468996437089
K30Y -0.0532508543505 0.3337028291 0.00217661269472
K3A 0.462279617117 0.30589426 0.701562324366
K3C 0.128033867508 0.30589426 0.760899646884
K3D 0.796795584188 0.30589426 0.58181967147
K3E 0.632189731057 0.30589426 0.607821681469
K3F 0.161528558804 0.30589426 0.762182768034
K3G 0.551863011894 0.30589426 0.565603452373
K3H 0.160950866591 0.30589426 0.752323301642
K3I 0.296739043381 0.30589426 0.965114002259
K3M 0.229024842715 0.30589426 0.958347337916
K3N 0.382969155639 0.30589426 0.692467054418
K3P 0.707986999419 0.30589426 0.0324486102932
K3Q 0.163472387078 0.30589426 0.8969987174
K3S 0.289426982167 0.30589426 0.745298851326
K3T 0.152210160167 0.30589426 0.837561445474
K3V 0.201593073564 0.30589426 0.965917097313
K3W 0.181557955022 0.30589426 0.931309965194
K3Y 0.110691541581 0.30589426 0.772175772118
K49C 0.19069728446 0.2763024724 0.966932471675
K49D 0.451629306007 0.2763024724 0.951412197122
K49F -0.048190541634 0.2763024724 0.754900339258
K49I 0.377331279681 0.2763024724 0.839293153794
K49L -0.0877197986269 0.2763024724 0.889524820259
K49M 0.0321256008249 0.2763024724 0.797184978284
K49N -0.0397184076395 0.2763024724 0.955738933874
K49P 0.6667406421 0.2763024724 0.381934729503
K49W 0.123323524537 0.2763024724 0.948672362204
K49Y -0.0103501774593 0.2763024724 0.832461634136
K9A 0.0678232189761 0.7870740759 0.945530804703
K9C 0.336722409953 0.7870740759 0.984351420436
K9D 0.167302841779 0.7870740759 0.955070404292
K9E -0.0384477196761 0.7870740759 0.877040273112
K9F 0.13242673065 0.7870740759 0.983785618296
K9G 0.217811463474 0.7870740759 0.673814950153
K9M 0.14019518841 0.7870740759 0.712856057727
K9P 0.263361404787 0.7870740759 0.398911797542
K9Q -0.0972678480092 0.7870740759 0.984904381413
K9S 0.124897499135 0.7870740759 0.903018500887
L11A 0.348679188885 0.298903985 0.18089260447
L11C 0.322283869307 0.298903985 0.299435629552
L11D 0.431447425731 0.298903985 0.133132737871
L11E 0.428371187209 0.298903985 0.162317681834
L11F 0.234397886797 0.298903985 0.376631081178
L11G 0.213617504507 0.298903985 0.178965348321
L11H 0.324080724171 0.298903985 0.181672991991
L11I 0.192632218286 0.298903985 0.449356743609
L11K 0.37347690084 0.298903985 0.19653507943
L11M 0.295557808675 0.298903985 0.278583343982
L11N 0.171940156486 0.298903985 0.142335499516
L11P 0.297959868338 0.298903985 0.10468743535
L11Q 0.433752089517 0.298903985 0.212073734407
L11R 0.360441303784 0.298903985 0.196053494074
L11S 0.332681689051 0.298903985 0.179750948802
L11T 0.370060289318 0.298903985 0.227520748959
L11V 0.343083805317 0.298903985 0.332154192665
L11W 0.179524006764 0.298903985 0.15954500483
L11Y 0.262251383524 0.298903985 0.131851716075
L4A 0.695621065721 0.0 0.565469267096
L4C 0.353186643366 0.0 0.779764838569
L4D 0.0496576525432 0.0 0.00390457379278
L4E 0.147951691936 0.0 0.00726047243454
L4F 0.369397234989 0.0 0.520259563302
L4G 0.807869321013 0.0 0.223285599775
L4H 0.849693733398 0.0 0.186974922898
L4I 0.547694408509 0.0 0.206023728927
L4K 0.648708296797 0.0 0.0138580242117
L4M 0.39498306056 0.0 0.368412344758
L4N 0.900987181547 0.0 0.390518321645
L4P -0.00269925640471 0.0 0.00712199033603
L4Q 0.823641874177 0.0 0.201839854818
L4R 0.533645367059 0.0 0.0102300035454
L4S 0.898633138809 0.0 0.43141368093
L4T 0.893413260051 0.0 0.58401895651
L4V 0.499678162322 0.0 0.724469391543
L4W 0.437181413022 0.0 0.0481224063151
L4Y 0.684907489025 0.0 0.0826202176839
L6A 0.45568587381 0.0319208041 0.932480585528
L6D 0.527834998991 0.0319208041 0.0234277921905
L6E 0.694578605903 0.0319208041 0.13420795463
L6F 0.212199784479 0.0319208041 0.372171452957
L6G 0.602445708067 0.0319208041 0.267324656102
L6H 0.499943425059 0.0319208041 0.0543243492099
L6K 0.543521575369 0.0319208041 0.260597066051
L6M 0.120705485575 0.0319208041 0.412952790579
L6N 0.644675562109 0.0319208041 0.2065981854
L6P 0.737158811398 0.0319208041 0.520403725281
L6Q 0.498755775327 0.0319208041 0.180971784602
L6R 0.63787544182 0.0319208041 0.117823437322
L6S 0.643741202267 0.0319208041 0.639299032334
L6T 0.478208269893 0.0319208041 0.850672641491
L6W 0.272210594293 0.0319208041 0.058858418955
L6Y 0.447970752632 0.0319208041 0.122160035219
N34A -0.117323298904 0.5872564695 0.0126734304314
N34C 0.0257419761415 0.5872564695 0.0508127897191
N34D -0.0724850671068 0.5872564695 0.00681126037933
N34E 0.0321973031778 0.5872564695 0.00684977940897
N34F -0.172730907104 0.5872564695 0.0184480766082
N34G -0.237218347297 0.5872564695 0.0518145707761
N34H -0.147125515774 0.5872564695 0.0156617200018
N34I -0.162136264503 0.5872564695 0.0318441512271
N34K 0.0803369809847 0.5872564695 0.00707323227949
N34L 0.0932160237261 0.5872564695 0.0101103838773
N34M -0.0904672796004 0.5872564695 0.0122759442296
N34P 0.0443797696321 0.5872564695 0.0030302269663
N34Q -0.0231839667834 0.5872564695 0.00811859163217
N34R -0.114151221601 0.5872564695 0.0136838953747
N34S -0.19070092648 0.5872564695 0.0491325173817
N34T -0.140833243253 0.5872564695 0.0965097517738
N34V 0.0904766314996 0.5872564695 0.0103173935222
N34W -0.160536339636 0.5872564695 0.0298942463713
N34Y -0.0980545921292 0.5872564695 0.0151655547168
N36A -0.103378469969 0.4146384793 0.224428286014
N36C -0.0457072196113 0.4146384793 0.580176052607
N36D 0.308166998672 0.4146384793 0.0636100403303
N36E 0.20433253541 0.4146384793 0.149836423911
N36F -0.114152312914 0.4146384793 0.0572770497498
N36G 0.311660286263 0.4146384793 0.37934605273
N36H 0.0750442220257 0.4146384793 0.344631968468
N36I 0.266764744667 0.4146384793 0.37133542843
N36K 0.0368327951062 0.4146384793 0.208694230353
N36L 0.0688382428271 0.4146384793 0.306295461202
N36M 0.190526661831 0.4146384793 0.210296051753
N36P 0.119661752532 0.4146384793 0.0055928615117
N36Q 0.146043570382 0.4146384793 0.280265062337
N36R 0.123708363164 0.4146384793 0.192037143986
N36S -0.0610817521134 0.4146384793 0.595531303118
N36T 0.169716973694 0.4146384793 0.457821915325
N36V 0.0697510256877 0.4146384793 0.27490143716
N36W 0.130078786885 0.4146384793 0.157475615093
N36Y 0.107902025458 0.4146384793 0.0989012228149
N7D 0.112331390738 0.4067033813 0.940210409506
N7E 0.304842799631 0.4067033813 0.934842151615
N7G 0.464342685961 0.4067033813 0.915003358082
N7I 0.214134386241 0.4067033813 0.910282704736
N7L 0.0736699257537 0.4067033813 0.963139969766
N7M 0.229018288101 0.4067033813 0.745044597636
N7P 0.278617474216 0.4067033813 0.0222278909666
N7S 0.302025704498 0.4067033813 0.938057448283
N7T 0.177411701347 0.4067033813 0.659999619884
N7V 0.15451151792 0.4067033813 0.898525027206
Q1D 0.211912048065 0.5942861002 0.910664947099
Q1E 0.18581527393 0.5942861002 0.951582413526
Q31A 0.133003274007 0.6205529418 0.787910741007
Q31C 0.168521045154 0.6205529418 0.805060132966
Q31D -0.0861273454064 0.6205529418 0.0585183756565
Q31E -0.00832738347774 0.6205529418 0.0755002119495
Q31F 0.195148416166 0.6205529418 0.23259953822
Q31I -0.0501499265423 0.6205529418 0.393157063122
Q31L 0.0889169868715 0.6205529418 0.961017213112
Q31M 0.0377326547521 0.6205529418 0.817570787564
Q31P 0.0637794539164 0.6205529418 0.018698831701
Q31S 0.244863320965 0.6205529418 0.903277679512
Q31T 0.00827769980787 0.6205529418 0.664303129159
Q31V 0.0948800374445 0.6205529418 0.417743130461
Q31W 0.0252186840325 0.6205529418 0.243305937822
Q31Y 0.0885737636431 0.6205529418 0.207729045906
T10A 0.188802292447 0.9145616642 0.348773531744
T10C 0.300737489193 0.9145616642 0.399761120124
T10D 0.217233565714 0.9145616642 0.329469045037
T10E 0.222793547378 0.9145616642 0.307619913998
T10F 0.27907814328 0.9145616642 0.387013814195
T10G 0.300075808149 0.9145616642 0.279402150143
T10H 0.290420581666 0.9145616642 0.379433374172
T10I 0.24174181627 0.9145616642 0.356930434025
T10K 0.248112172829 0.9145616642 0.385197482318
T10L 0.274441303895 0.9145616642 0.36423435587
T10M 0.236057555725 0.9145616642 0.237597306883
T10N 0.197184133108 0.9145616642 0.403236588572
T10P 0.472355231592 0.9145616642 0.180834098687
T10Q 0.281826269576 0.9145616642 0.370177696672
T10R 0.277767985744 0.9145616642 0.411714553731
T10S 0.258701490605 0.9145616642 0.739945567259
T10V 0.336176014093 0.9145616642 0.390986763648
T10W 0.302534446487 0.9145616642 0.402391235679
T10Y 0.372170842598 0.9145616642 0.414884908897
T15A 0.13764867426 0.3406051601 0.441244913784
T15C 0.202516222282 0.3406051601 0.540357122459
T15D 0.408940513175 0.3406051601 0.220822978493
T15E 0.159036275485 0.3406051601 0.4601806735
T15F 0.181464211359 0.3406051601 0.391469029735
T15G 0.346758365486 0.3406051601 0.465953004472
T15H 0.0872328879212 0.3406051601 0.542619268299
T15I 0.282887566415 0.3406051601 0.836503195617
T15K 0.082451889007 0.3406051601 0.820639338142
T15L 0.417080294042 0.3406051601 0.761530697713
T15M 0.216397112468 0.3406051601 0.540214430854
T15N 0.181269620791 0.3406051601 0.452100897697
T15P 0.455545234771 0.3406051601 0.422614047846
T15Q 0.113104223404 0.3406051601 0.696275209216
T15S 0.238632968121 0.3406051601 0.563917239886
T15V 0.13865002303 0.3406051601 0.738143010317
T15W 0.0439051302849 0.3406051601 0.303427514796
T15Y -0.00676187450419 0.3406051601 0.389938485227
T16D 0.278492604118 0.5683506686 0.437094900052
T16E 0.337223945876 0.5683506686 0.716162897807
T16I 0.151712911002 0.5683506686 0.723100413422
T16L 0.18047557933 0.5683506686 0.845254603236
T16M 0.216573193316 0.5683506686 0.938283919379
T16N 0.326511537641 0.5683506686 0.775810836571
T16P 0.718417001462 0.5683506686 0.35083335102
T16V 0.251575063028 0.5683506686 0.775450723281
T17D 0.631448623116 0.1738484398 0.276619718035
T17E 0.323358169136 0.1738484398 0.261661619403
T17F 0.130698840167 0.1738484398 0.919844332988
T17G 0.590637553189 0.1738484398 0.646620258764
T17I 0.124561073703 0.1738484398 0.859085054891
T17L 0.219397995813 0.1738484398 0.588140497061
T17M 0.226556324761 0.1738484398 0.358231110172
T17N 0.563903956843 0.1738484398 0.81043705219
T17P 0.572126036508 0.1738484398 0.0398942167893
T17Q 0.384203978579 0.1738484398 0.677331167483
T17S 0.419919762341 0.1738484398 0.947673963185
T17W 0.310016504649 0.1738484398 0.982582759135
T17Y -0.0606706940457 0.1738484398 0.964772091759
T24D -0.147869984999 0.3784276645 0.377876339377
T24E -0.246348248484 0.3784276645 0.352420656205
T24G 0.0186257559611 0.3784276645 0.930890973496
T24N -0.16837448724 0.3784276645 0.949910967949
T24V -0.0889256681874 0.3784276645 0.950329262226
T43C 0.114170791372 0.5817911657 0.961585633436
T43D -0.00326157697305 0.5817911657 0.687646897328
T43E -0.0226270741505 0.5817911657 0.986430850437
T43I 0.0581457699108 0.5817911657 0.576406677349
T43N -0.00616463612109 0.5817911657 0.826692571016
T43P -0.0473460424012 0.5817911657 0.00938953731735
T43V -0.0253466535323 0.5817911657 0.489155680195
T43Y -0.0616083387495 0.5817911657 0.868671519772
T48P 0.63714755763 0.5927326759 0.987174198594
T50A 0.144623437094 0.0950965825 0.835741657928
T50P 0.174437310453 0.0950965825 0.0200202271061
T50S 0.115095898051 0.0950965825 0.877223119281
T52C -0.0137024236024 0.2622585438 0.922886267741
T52D 0.455730023397 0.2622585438 0.63166801513
T52E 0.416645350028 0.2622585438 0.96282210958
T52F -0.0373376010691 0.2622585438 0.540733962858
T52H 0.18656302084 0.2622585438 0.67800254476
T52I 0.131163903806 0.2622585438 0.759384664534
T52K 0.122135674944 0.2622585438 0.952567897307
T52L 0.0312080495067 0.2622585438 0.556080765477
T52M 0.0755687011381 0.2622585438 0.800816978678
T52N 0.222374604545 0.2622585438 0.763923550039
T52P 0.0479580512729 0.2622585438 0.0086389776517
T52R 0.0764134631948 0.2622585438 0.904485403116
T52Y -0.0885992806837 0.2622585438 0.586437810401
T54A 0.0829630785109 0.3762663785 0.682944420352
T54C 0.192986088458 0.3762663785 0.700434706617
T54D 0.0315654157881 0.3762663785 0.509897988176
T54E 0.144146012772 0.3762663785 0.618004723228
T54F 0.0761367349325 0.3762663785 0.604862237054
T54G 0.278242892907 0.3762663785 0.452411069795
T54H 0.0627516185417 0.3762663785 0.596819789704
T54I 0.080813905764 0.3762663785 0.550910305938
T54K 0.189266938549 0.3762663785 0.848859283963
T54L 0.141496703672 0.3762663785 0.586555317713
T54M 0.0372001559418 0.3762663785 0.621524941432
T54N 0.105387425936 0.3762663785 0.614901630081
T54P 0.149529547255 0.3762663785 0.0328191365954
T54Q 0.0440707041182 0.3762663785 0.681577691576
T54R 0.111934510246 0.3762663785 0.941044540506
T54S 0.118190598811 0.3762663785 0.839684668716
T54V 0.0210792134037 0.3762663785 0.669375641434
T54W 0.03487646209 0.3762663785 0.798179966442
T54Y 0.019955695404 0.3762663785 0.662675418885
V20A 0.190001226548 0.7990631164 0.988535235412
V20D -0.213330471998 0.7990631164 0.746521565945
V20E -0.134083762646 0.7990631164 0.658531715961
V20K 0.151816891485 0.7990631164 0.992821758245
V20M 0.33990557906 0.7990631164 0.764180049762
V20P 0.0443881949136 0.7990631164 0.91709058397
V20Q -0.0417297937954 0.7990631164 0.975045843367
V20S 0.045179595125 0.7990631164 0.998182978015
V20T 0.203625802056 0.7990631164 0.952115064265
V28D -0.0140783954322 0.4000862919 0.256341669727
V28E -0.00555997462535 0.4000862919 0.285769439219
V28G 0.562704612186 0.4000862919 0.968168487955
V28P 0.522624065617 0.4000862919 0.112252863815
V28W 0.0515002800485 0.4000862919 0.759609572032
V38A 0.0784014590302 0.0485700197 0.0534311938707
V38C 0.0969325463 0.0485700197 0.209063138991
V38D 0.177691818477 0.0485700197 0.00558574379441
V38E 0.147710156879 0.0485700197 0.0282383268828
V38F 0.0817612328352 0.0485700197 0.325457182678
V38G 0.212114408432 0.0485700197 0.0071615163252
V38H 0.0312785069254 0.0485700197 0.0228534616725
V38K 0.28668663562 0.0485700197 0.0173996752973
V38N 0.0659799278729 0.0485700197 0.0100354678164
V38P 0.0442738685794 0.0485700197 0.00772123490549
V38Q 0.0359922370944 0.0485700197 0.0886115386883
V38R 0.176460563261 0.0485700197 0.0148460871651
V38S 0.155205521149 0.0485700197 0.0296131017504
V38T 0.359853992149 0.0485700197 0.212786706817
V38W -0.0451871294546 0.0485700197 0.00897309797221
V38Y -0.0338170926519 0.0485700197 0.0621591062159
V53D 0.430583302534 0.0 0.027222349135
V53E 0.450837422738 0.0 0.0304718563595
V53F 0.443301899626 0.0 0.708382119227
V53G 0.793993207547 0.0 0.229416651417
V53H 0.530358918551 0.0 0.139676145584
V53I -0.0986084760164 0.0 0.325460895815
V53K 0.120569253242 0.0 0.00660694704578
V53L -0.198731799623 0.0 0.328367537388
V53M 0.202187837112 0.0 0.505444862885
V53N 0.586246828474 0.0 0.194265940506
V53P -0.00426846271336 0.0 0.00652138179577
V53Q 0.645813380641 0.0 0.10727864791
V53R -0.0996383022489 0.0 0.00532292496288
V53S 0.724971716176 0.0 0.427866064437
V53T 0.530696927285 0.0 0.530939504328
V53W 0.456234851475 0.0 0.604131795697
V53Y 0.312591210874 0.0 0.0246196170935
W42A 0.00502549024287 0.2255670258 0.00377144377682
W42C -0.178441570281 0.2255670258 0.00465441679902
W42D 0.0791754686656 0.2255670258 0.00335713993623
W42E 0.0239558809946 0.2255670258 0.00324312925007
W42F -0.00349678312369 0.2255670258 0.0131190756252
W42G -0.0757167015435 0.2255670258 0.00468012070234
W42H 0.11166362189 0.2255670258 0.00420826745862
W42I 0.0416571804162 0.2255670258 0.00319552323296
W42K -0.0234290449324 0.2255670258 0.00263281843824
W42L 0.0373439059866 0.2255670258 0.00363506753025
W42M -0.0198782287993 0.2255670258 0.00303653637087
W42N 0.0252539207784 0.2255670258 0.00282264683468
W42P -0.121747549776 0.2255670258 0.00307150812283
W42Q 0.0398485448566 0.2255670258 0.00329298210122
W42R -0.0907143887235 0.2255670258 0.00490346608703
W42S -0.20140870827 0.2255670258 0.00328434120781
W42T -0.05416679961 0.2255670258 0.00356255661732
W42V -0.112096521158 0.2255670258 0.00331447646608
W42Y 0.0983493828935 0.2255670258 0.00806242111479
Y2A 0.886998032183 0.0130927402 0.578639713374
Y2C 0.854944062952 0.0130927402 0.616255782598
Y2D 0.265010684555 0.0130927402 0.00952593470555
Y2E 0.171998492213 0.0130927402 0.00884227706082
Y2G 0.523577493134 0.0130927402 0.0340456907423
Y2I 0.597362977522 0.0130927402 0.287660660761
Y2K 0.605066536834 0.0130927402 0.051976830604
Y2L 0.6867881134 0.0130927402 0.790860837077
Y2M 0.725216582779 0.0130927402 0.603748990742
Y2N 0.80903327217 0.0130927402 0.111180340297
Y2P 0.764639779131 0.0130927402 0.0685866516754
Y2Q 0.814024958129 0.0130927402 0.180962095834
Y2R 0.677697981936 0.0130927402 0.0819145111129
Y2S 0.850985451328 0.0130927402 0.277402492593
Y2T 0.790173080031 0.0130927402 0.150686135163
Y2V 0.745514156648 0.0130927402 0.305298972397
Y32A 0.529204835127 0.3420478389 0.191459745106
Y32C 0.473461901854 0.3420478389 0.306993555623
Y32D 0.424447266432 0.3420478389 0.020120089164
Y32E 0.444002939491 0.3420478389 0.044859497936
Y32G 0.737179439293 0.3420478389 0.311216585435
Y32H 0.313275052473 0.3420478389 0.371669816029
Y32I 0.251890209388 0.3420478389 0.225654812921
Y32K 0.397940077973 0.3420478389 0.326967270014
Y32L 0.178032565695 0.3420478389 0.66325208682
Y32M 0.127038712991 0.3420478389 0.479108158936
Y32N 0.550819819811 0.3420478389 0.187432878908
Y32P 0.198858195154 0.3420478389 0.00823461982196
Y32Q 0.457183038434 0.3420478389 0.249457009895
Y32R 0.616610833297 0.3420478389 0.302735872188
Y32S 0.587821281707 0.3420478389 0.182436625154
Y32T 0.637570570999 0.3420478389 0.164829946012
Y32V 0.245096313806 0.3420478389 0.172227889722
Y32W 0.275971485956 0.3420478389 0.659123794916
Y44A 0.519963214621 0.3123793538 0.0542928971434
Y44C 0.172473636761 0.3123793538 0.2063859789
Y44D 0.0283797258738 0.3123793538 0.00949213843142
Y44E 0.160243390766 0.3123793538 0.0126077403842
Y44F 0.227144468486 0.3123793538 0.911525044141
Y44G 0.382026879251 0.3123793538 0.0363404198544
Y44H 0.413740010224 0.3123793538 0.239588969358
Y44I 0.524272681784 0.3123793538 0.235418741267
Y44K 0.347114515208 0.3123793538 0.047835731371
Y44L 0.554038305627 0.3123793538 0.440129577965
Y44M 0.510131193122 0.3123793538 0.277226560642
Y44N 0.353745308598 0.3123793538 0.0446791565339
Y44P 0.0856172597164 0.3123793538 0.0073422652145
Y44Q 0.233872123461 0.3123793538 0.0254466400569
Y44R 0.323281643597 0.3123793538 0.0478933336864
Y44S 0.466278860156 0.3123793538 0.041298863004
Y44T 0.444043922312 0.3123793538 0.0402124312708
Y44V 0.335730537217 0.3123793538 0.136200135065
